char 10 b r l i r s r r o e
int 11 39 71 24 25 85 49 89 36 30 25 91
bool 13 0 1 1 0 0 1 1 1 1 0 1 1 1
bool 14 1 1 1 0 1 1 1 1 1 0 0 1 0 1
bool 15 0 0 0 0 1 1 0 1 0 1 1 1 0 0 1
char 15 k e n b h t e r k b b f c m m
bool 16 0 0 0 1 0 0 0 0 0 1 1 0 0 0 1 0
char 18 t b e l m f k o c q r g n e l t p j
int 19 76 27 86 17 61 12 95 18 57 92 98 77 36 88 98 26 88 6 83
char 21 q d r s o q i m n a e e n n c t r j h l n
int 21 32 41 66 32 24 63 71 6 78 31 9 90 95 11 76 6 93 30 79 2 85
int 21 46 42 90 21 35 16 61 71 67 8 31 70 71 19 63 81 29 20 68 43 5
bool 22 1 0 1 0 0 0 1 1 1 1 1 0 0 0 1 1 1 0 0 1 1 1
double 22 4.01 6.97 9.72 7.98 3.78 5.8 7.11 3.98 7.56 1.33 8.08 2.09 7.8 4.03 8.71 8.91 5.12 6.96 7.41 9.29 5.61 7.32
char 24 j e s i g g c o s b h p h b j s p f b b m m t o
int 24 79 14 57 75 29 5 4 52 65 85 55 2 21 11 2 86 75 26 92 2 3 98 89 82
bool 26 0 1 1 1 0 0 0 1 0 0 1 0 1 1 1 0 1 0 0 1 0 0 1 1 1 0
double 28 2.69 5.48 0.53 2.59 3.79 6.81 9.6 7.11 5.68 1.86 0.34 1.96 0.77 1.55 8.11 6.62 9.3 4.62 0.26 7.91 6.66 8.88 6.95 9.93 0.18 1.45 7.52 1.03
bool 28 1 1 0 0 1 1 0 0 1 0 0 0 0 1 1 0 1 1 0 1 0 0 1 0 1 1 1 1
double 29 2.49 1.61 7.64 1.74 3.61 9.88 9.05 4.93 4.97 1.93 5.13 6.28 7.67 6.53 0.06 3.23 2.87 5.53 2.49 9.38 7.23 7.84 0.99 4.66 2.13 3.3 5.43 6.59 8.58
char 29 k q n c b s d b c t i l q c h d i a l a j c e l f l j j n
bool 30 0 1 0 1 0 1 1 0 0 1 1 0 0 1 1 0 1 0 0 0 0 1 1 0 1 0 1 1 1 1
int 33 8 34 95 67 92 60 63 93 52 23 26 5 62 19 33 61 41 56 24 42 20 49 26 23 5 99 69 68 29 20 3 18 44
bool 34 1 0 0 1 0 0 0 0 0 1 1 0 1 0 1 0 0 1 1 1 0 0 0 0 0 0 0 1 1 0 1 1 1 0
char 35 b q k j f m l j n n p p n b i k p j c h f a h n f d q i m r o n t o a
char 35 t g e c h i c r o e q h r l m k e r q c q q l j h c q s g l r a c a b
bool 35 1 0 0 0 1 1 1 1 1 1 0 1 1 0 0 0 1 0 1 0 1 1 0 0 0 0 0 1 0 0 1 1 1 0 1
bool 36 0 0 1 1 1 0 1 0 1 0 1 1 1 0 0 1 1 0 0 1 0 0 1 0 0 0 0 0 0 1 1 0 1 1 1 0
bool 38 0 0 1 1 0 1 1 1 1 0 1 0 0 0 0 1 1 1 0 0 1 0 1 0 1 1 1 1 1 0 1 1 0 1 1 1 0 1
int 38 37 5 47 61 31 56 20 74 32 46 68 76 58 99 75 45 9 73 43 77 37 80 76 66 26 19 66 96 70 83 47 69 37 69 32 67 4 56
char 39 l a i d s j p m e m o k j t s i h t l g p c i e q a a a q g h q a s h q t q t
bool 40 0 0 0 1 0 1 0 0 0 1 0 1 1 1 0 0 0 1 0 0 0 1 0 0 1 0 1 0 1 0 0 0 0 1 0 1 0 0 1 0
char 41 k f h e n l k l f k b p p d n t n l e s r p h d b l b c o p q j h p g c a f s i e
double 41 6.48 3.9 1.02 0.03 6.64 2.42 1.3 8.74 5.84 8.63 2.51 6.93 8.07 2.04 3.93 2.18 1.84 9.32 0.62 9.01 0.17 1.09 5.95 3.14 6.69 1.23 7.6 2.24 3.36 7.94 2.14 3.5 6.22 1.22 3 7.49 5.58 0.5 4.18 1.04 9.06
bool 43 1 0 0 1 1 1 0 1 1 1 0 0 1 0 0 0 1 0 0 0 1 0 1 1 0 0 0 1 0 1 0 0 0 0 1 0 1 1 1 0 1 0 1
int 44 3 99 8 80 24 57 48 20 26 25 42 45 77 69 21 13 55 29 41 52 14 12 24 75 47 74 57 62 15 75 99 16 82 30 3 20 40 95 17 64 28 24 89 95
bool 44 1 0 0 0 1 1 0 0 1 0 0 1 1 0 1 1 1 1 1 0 1 1 0 0 0 1 0 1 1 0 0 1 0 1 1 1 0 1 1 1 1 0 0 0
bool 47 1 0 1 1 0 1 1 0 0 0 1 1 0 1 0 1 0 0 0 0 1 0 1 1 1 1 0 1 0 0 1 1 1 0 0 1 0 1 1 1 0 1 0 1 1 0 1
int 47 9 86 49 9 99 21 47 79 81 62 79 50 35 9 40 57 74 70 68 51 33 55 18 56 7 47 94 86 78 22 99 57 92 76 94 95 30 9 63 14 45 14 98 43 83 86 35
bool 47 1 1 0 1 1 0 0 1 0 1 1 1 1 1 1 1 1 0 0 0 0 0 1 0 0 0 1 0 1 1 0 1 1 0 0 1 0 1 1 1 0 0 0 0 0 0 0
bool 48 1 0 0 0 0 1 0 1 0 0 0 0 0 0 1 1 0 1 0 0 1 1 1 1 1 0 0 1 0 1 1 1 1 1 1 1 1 1 1 1 1 1 0 0 0 1 0 0
int 49 18 7 44 75 24 71 81 62 59 95 92 82 8 15 57 1 19 63 40 70 38 91 87 16 82 73 54 26 7 70 12 62 59 74 77 91 8 14 88 97 88 75 29 55 58 13 75 6 90
char 52 p d q p j h f e f k i m g o t b g i t s s h c c p e c s i k c c d s f o j j m f p d r e k k s o h l l t
int 53 50 60 82 38 78 83 12 55 51 75 58 37 52 27 23 57 20 1 34 79 91 43 55 21 77 25 78 43 29 60 89 90 70 29 30 1 35 17 98 6 99 95 10 85 55 28 40 61 56 13 98 84 89
bool 53 0 1 1 1 0 1 1 1 0 1 0 0 1 0 1 1 0 0 0 1 0 1 1 1 0 0 1 0 0 1 1 1 1 1 1 1 0 0 0 0 1 0 0 1 1 1 1 0 0 1 1 0 0
int 54 62 61 50 93 86 76 7 19 69 20 8 69 76 30 59 94 77 49 67 18 97 48 52 99 40 24 97 95 72 31 63 13 94 28 48 15 27 71 68 92 86 42 33 46 43 37 10 86 29 6 70 11 81 24
char 54 k j s l o s s r q j r i b o n g c t t q n m e s r t o i p j p c b e m k s m m o t r b j c c b o b a k s k b
int 54 27 11 53 72 79 77 81 52 25 95 31 31 62 58 75 17 59 97 88 50 38 96 63 7 98 52 45 49 65 28 22 13 78 29 44 11 9 26 22 50 80 14 21 15 77 43 80 36 38 13 41 50 58 78
int 55 58 92 9 77 25 58 96 65 71 72 66 76 83 28 2 45 13 71 94 90 93 85 36 46 51 95 60 15 86 65 41 22 33 71 59 93 50 74 3 9 23 79 48 47 92 70 61 51 95 58 33 89 85 47 36
int 56 67 73 73 97 23 95 78 45 52 31 96 50 4 27 9 48 9 25 14 70 15 40 71 81 29 79 10 91 26 46 72 3 50 56 98 91 35 87 87 96 40 78 40 79 59 83 81 70 61 30 75 12 5 12 46 76
double 56 1.31 1.7 1.26 2.88 7.73 6.17 1 1.33 8.28 9.21 6.56 7.16 9.85 3.58 2.08 5.59 8.16 0.92 8.19 4.24 1.84 1.9 6.02 9.21 1.01 9.91 7.51 9.58 2.68 9.8 5.09 0.25 0.72 5.88 4.49 8.52 4.28 2.93 8.61 9.7 1.87 1.97 4.6 4.11 0.21 5 8.69 3.83 4.45 2.89 7 3.98 1.48 3.84 7.79 5.71
int 59 38 34 68 9 78 84 30 68 7 70 96 88 30 84 33 9 22 46 40 2 43 27 68 62 36 92 5 31 52 86 16 16 66 93 77 99 41 22 43 56 45 2 41 25 23 90 81 66 62 10 67 11 25 95 77 45 81 2 70
bool 59 1 1 1 0 1 1 1 1 0 0 0 0 1 1 1 1 0 1 1 0 1 1 1 1 0 0 1 0 1 1 1 1 0 0 1 1 1 0 1 1 1 1 1 1 0 0 0 0 0 1 0 1 1 1 1 1 1 1 0
bool 60 1 1 0 1 1 0 0 1 0 1 1 1 1 1 0 1 0 0 0 1 1 1 0 0 1 0 0 0 1 1 1 1 0 0 1 0 1 1 1 1 1 1 1 1 0 1 0 0 1 0 1 0 0 0 1 1 1 1 1 1
double 61 1.12 6.58 4.87 1.23 8.85 8.65 6.01 2.6 9.75 8.13 7.08 0.96 9.12 8.26 8.35 3.1 2.46 9.39 4.05 2.35 2.53 6.89 7.85 8.04 1.14 2.52 4.89 9.76 7.36 6.01 8.74 6.8 2.75 6.52 0.93 7.53 6.55 0.49 6.03 4.1 3.31 8.89 0.32 8.15 5.08 9.95 6.04 3.72 1.71 5.33 8.76 8 4.18 9.95 7.67 3.64 1.1 2.5 2.42 4.13 3.24
bool 63 0 1 1 0 0 1 0 1 1 0 1 0 1 0 0 1 0 1 1 1 1 1 1 1 0 1 0 1 0 1 0 0 0 1 0 1 0 1 1 0 0 0 0 0 1 0 1 0 1 1 0 0 1 0 0 1 1 0 1 1 1 1 0
char 64 n i a n p r h r m n a s f p d o p o c c d q t m m k c r c h t p q m k k o r l h g p b h r n c m r g s h r t b d t f i d s h g d
bool 66 1 0 0 1 1 1 1 1 1 0 0 0 1 1 0 1 0 1 0 0 0 0 0 0 1 0 1 1 1 1 0 1 0 0 1 1 1 0 0 1 1 0 0 0 1 0 0 1 1 1 1 1 1 0 1 1 0 1 0 1 0 0 1 0 1 1
bool 68 1 0 1 0 0 0 0 0 1 1 0 1 0 0 1 0 0 1 1 1 0 0 1 1 0 1 1 1 0 1 0 1 0 0 0 0 1 1 0 0 1 0 1 0 1 1 1 1 0 0 0 0 1 0 0 1 1 0 0 1 0 1 1 0 1 0 1 1
double 68 0.3 9.31 2.56 9.75 1.14 9 6.37 7.66 5.9 5.79 5.8 4.91 7.11 5.87 6.76 7.33 8.84 1.27 7.4 5.5 8.59 3.77 7.26 0.32 6.54 2.02 1.33 9.93 5.71 9.61 0.81 7.29 4.68 6.63 7.43 0.71 3.49 5.87 7.32 2.58 1.27 9.87 3.67 9.75 2.65 3.46 2.95 1.6 3.51 4.31 5.22 5.56 7.07 4.83 0.07 5.82 0.11 9.2 0.85 1.62 3.95 7.41 3.53 5.59 8.62 2.13 9.55 7.23
int 69 96 75 95 45 55 3 26 56 86 62 13 96 60 16 31 50 83 61 58 5 25 45 8 11 18 38 92 3 87 25 64 81 11 44 49 12 67 34 28 88 70 47 21 45 77 65 43 60 1 79 7 30 99 98 70 21 20 28 16 62 3 16 73 37 60 18 61 38 92
bool 70 1 1 0 1 1 1 0 1 0 0 0 0 1 1 1 0 0 0 1 1 0 0 1 1 0 0 1 0 1 0 0 1 1 0 1 0 1 0 1 0 1 0 1 0 0 0 0 0 1 1 0 1 1 0 1 1 0 0 1 0 0 1 0 0 1 1 1 1 0 0
int 70 74 82 60 51 91 42 15 40 9 23 90 26 46 15 23 46 36 17 24 90 89 42 39 56 17 29 80 85 54 52 80 25 20 83 49 3 41 47 72 5 62 93 85 98 17 53 63 49 63 73 57 81 48 3 7 50 22 84 88 89 44 92 80 56 98 27 78 96 63 25
bool 70 0 1 0 1 1 1 1 1 0 0 1 1 1 0 1 0 1 1 0 1 0 1 1 1 0 0 0 0 1 1 1 1 1 1 0 1 0 1 0 1 1 0 1 1 0 0 0 0 1 1 1 1 1 1 1 0 1 1 0 0 1 0 1 1 0 0 1 0 1 0
char 72 r h m i t m l n c k g g b i s b o d b k q q t g k j c s e e p j r e c a g f e g e s j f m e c t q d r c j a d g k g o g g a i j o e o l h c i j
bool 74 1 0 1 1 0 1 1 0 1 1 0 1 1 0 1 1 1 0 1 1 0 1 1 1 1 0 1 1 1 0 1 0 0 1 0 0 0 0 0 1 1 0 0 1 1 1 0 1 1 0 1 1 0 0 0 1 1 0 0 0 1 0 0 0 1 0 0 1 1 1 0 0 0 1
bool 76 0 1 0 0 1 0 0 1 0 0 0 0 1 0 1 0 0 0 0 0 1 0 0 1 1 1 1 1 0 0 1 1 0 0 1 1 0 0 1 0 1 1 1 1 1 0 0 0 1 1 0 1 0 0 0 1 0 1 0 1 0 0 1 1 1 1 1 0 0 0 0 1 0 0 1 1
double 77 9.71 8.68 7.01 5.81 6.41 4.44 5.85 4.13 0.02 1.42 1.62 8.53 2.44 6.21 5.24 3.12 9.3 2.58 1.6 1.71 1.05 0.31 0.09 7.32 9.02 1.52 2.5 9.16 1.47 8.37 6.41 5.51 8.41 6.25 8.13 9.73 5.87 4.24 0.81 6.46 6.94 9.01 8.71 4.35 2.23 5.82 5.27 2.18 7.81 2.22 4.45 7.54 0.51 7.91 0.83 9.36 7.48 3.54 6.5 5.5 9.52 3.05 8.72 2.89 7.03 9.1 7.68 7.06 9.51 6.37 3.07 9.79 8.63 8.32 7.47 8.17 2.12
double 78 5.24 0.94 2.27 5.66 9.35 5.1 5.62 3.14 2.12 7.98 8.27 5.23 8 2.32 8.44 8.81 9.97 4.03 8.07 0.74 9.86 0.22 9.28 5.03 6.64 9.18 6.47 3.34 8.9 1.88 6.15 5.73 2.32 3.34 6.39 6.03 3.82 9.91 9.74 3.16 1.11 2.51 0.96 9.94 0.39 7.42 9.28 2.75 5.27 2 3.54 3.43 6.56 2.68 1.35 5.89 1.17 6.73 7.1 4.48 0.59 9.44 2.51 4.49 3.79 0.43 8.31 7.22 6.05 4.38 0.38 4.19 7.44 7.47 3.59 8.83 9.87 8.23
double 78 3.13 6.43 3.59 4.04 8.43 2.86 4.86 6.32 9.01 2.35 1.49 2.54 1 0.37 1.27 5.82 5.96 7.43 2.48 8.51 8.85 4.31 0.17 6.92 1.48 6.45 3.21 3.77 3.15 9.25 2.35 7.22 0.89 5.83 7.15 2.88 1.71 1.13 9.55 8.63 1.28 2.09 1.7 9.67 9.93 1.02 9.23 2.66 1.77 0.77 1.62 1.06 7.79 0.05 1.05 1.82 7.78 8.17 0.34 0.31 4.88 4.69 6.65 3.17 5.91 5.69 0.99 3.01 7.76 7.14 8.21 6.09 3.16 6.25 4.4 2.17 2.74 1.94
char 79 i p k t c t a a k d d c s n g e q c p b j m t j s b p h a q o i s j t m n a d o o q t b f a n h h g l r e t e d t b e o l c m g e b q o a d d e q t h e n n n
bool 80 1 0 1 1 0 1 1 0 1 1 1 0 0 0 1 0 1 1 1 0 0 1 1 1 1 1 1 0 0 0 1 1 1 0 1 1 0 1 0 1 0 0 0 0 1 0 1 1 0 0 0 1 1 0 1 0 1 0 1 1 0 0 0 0 1 0 1 1 1 1 1 0 1 0 1 1 0 0 1 0
int 81 44 48 43 45 30 3 46 16 97 99 3 3 17 47 76 97 2 82 9 97 38 88 49 30 32 18 82 77 59 74 6 3 20 31 22 11 19 63 31 13 99 71 72 66 31 79 19 36 97 12 56 12 96 33 21 26 67 97 52 40 26 1 69 66 24 53 38 19 1 42 9 54 81 64 65 86 44 63 34 72 33
char 83 q h d k b h c k t n o l g t p j t j i c h j s e k m o s k m j s h q q r r r d q n i r k d j p t i t f p q k n m o g c q b s o f l j k n f i l h h j h s n j o a g o p
bool 83 1 0 1 0 1 1 0 0 1 1 0 0 0 1 0 0 1 0 0 0 0 1 1 0 1 1 1 1 0 0 1 0 0 1 0 0 0 1 0 1 0 1 0 1 0 0 1 1 0 0 0 1 0 0 1 1 0 0 1 0 0 0 1 0 0 1 1 0 1 0 0 0 1 1 1 1 0 1 1 0 1 1 0
int 84 85 41 9 62 82 62 39 59 51 59 39 50 2 53 66 69 29 44 44 93 87 22 81 90 1 22 17 98 44 8 69 10 99 26 58 70 67 53 57 23 81 8 26 37 64 80 68 57 5 92 89 35 29 74 15 32 14 94 35 25 34 20 12 71 65 23 27 3 35 54 48 55 65 18 38 67 10 93 64 77 19 96 37 70
int 84 58 94 20 37 29 2 18 70 74 63 53 66 77 57 12 81 12 1 69 54 64 70 52 49 67 16 77 21 52 19 68 58 24 55 32 22 41 20 87 55 38 20 95 53 52 79 82 30 78 24 79 59 70 7 14 61 26 48 10 94 15 77 98 81 30 77 64 16 50 71 4 28 15 96 6 23 50 88 87 27 46 59 24 94
int 85 79 17 33 34 80 10 52 29 93 68 89 19 48 44 38 6 98 22 8 52 69 47 90 36 54 13 85 76 71 41 53 28 59 65 2 67 76 36 16 31 63 57 89 15 49 62 62 29 2 87 97 69 16 55 25 24 1 61 90 24 15 54 91 38 66 41 95 81 21 34 18 4 65 7 52 98 45 29 44 98 44 72 78 72 28
char 86 j g p d m s t r p f b p p m l l f k p g c q l n b j s n p o m j o p m h g s q f t h n h n t r e c g q d q r d l r k k e t g a p h d i b h m b j m l h k f i b d j o p c b a
char 86 o f e a g o r k o m p s r f o r i s b s p g n s c a s l m o p c e e i e h d e r n c i p b h i t p d l q s g k m p h n m b t j r g p g q g g k a b m b n k t t l f j o e l t
double 88 1.28 3.01 3.32 5.44 2.36 8.67 8.04 9.8 6.14 6.78 3.34 6.5 4.43 9.63 4.71 5.37 8.01 8.15 7.37 4.25 3.44 6.16 7.79 3.3 8.52 3.88 6.84 4.37 3.4 3.18 5.9 4.69 3.8 9.77 0.17 7.91 0.46 7.19 5.07 3.61 4.65 9.36 3.8 4.72 4.83 7.45 9.41 4.64 8.23 4.38 5.41 4.98 2.06 6.78 7.64 9.98 6.13 0.02 2.69 3.92 5.73 8.36 8.93 5.44 9.18 7.18 8.48 0.8 7.38 9.25 5.87 8.86 4.32 0.87 1.33 3.9 6.57 6.05 3.77 4.3 4.34 7.92 3.17 9.3 0.95 3.1 9.5 5.29
double 88 9.75 3.16 7.14 0.63 0.12 5.72 9.67 2.04 1.99 6.46 8.45 9.87 8.25 9.84 7.25 2.77 4.76 2.48 9.89 8.35 9.47 4.9 2.85 4.8 5.29 5.44 9.02 7.44 6.94 5.86 5.03 3.43 1.42 4.72 9.7 7.06 8.67 6.24 3.82 7.66 8.14 3.96 8.25 2.14 8.21 5.42 4.79 6.4 6.06 4.89 8.16 9.62 1.11 2.93 3.85 8.28 6.96 5.09 1.09 0.1 8.24 8.78 5.32 6.86 5.32 2.88 2.93 6.49 9.65 3.95 1.69 0.44 0.59 9.43 1.92 7.72 8.18 7.47 2.94 9.28 9.71 1.15 9.73 2.86 4.9 0.64 0.96 8.42
bool 89 0 1 0 0 1 1 0 0 0 1 0 0 0 0 0 0 1 1 1 1 0 0 1 1 0 0 1 1 0 1 0 0 1 0 1 1 0 1 1 0 1 1 0 1 0 1 1 1 1 0 1 0 1 0 1 0 0 1 0 0 1 0 1 1 0 1 1 1 1 0 0 1 1 0 0 0 1 0 1 0 0 1 0 0 1 1 1 1 1
int 90 82 10 73 70 34 18 91 13 45 67 7 55 68 55 87 54 44 68 57 45 59 43 78 97 91 90 47 75 91 40 58 91 31 90 32 14 58 37 5 6 26 92 39 51 87 14 35 79 87 29 91 21 72 1 49 9 63 79 38 80 11 58 14 55 42 87 99 56 81 31 57 8 63 34 87 54 55 68 9 73 57 50 77 35 9 10 29 51 72 24
int 90 48 88 10 5 72 64 97 74 85 89 57 37 24 38 25 55 13 1 59 11 99 86 66 58 37 67 89 75 35 27 1 92 12 53 74 74 21 36 45 12 85 61 27 26 11 67 50 65 27 15 62 83 60 22 48 75 21 88 56 8 90 51 28 83 6 14 23 52 39 43 73 23 61 84 58 93 1 77 75 76 29 11 84 57 95 24 51 79 19 82
double 91 6.2 3.83 1.79 8.77 0.2 1.91 6.95 6.81 1.65 5.61 0.92 6.81 2.83 6.16 1.27 5.86 4.5 7.59 8.98 7.06 7.3 4.43 4.7 8.1 1.27 3.85 4.91 8.26 9.59 7.61 9.42 9.74 9.12 4.09 9.37 8.89 5.43 9.93 7.85 1.34 2.59 7.22 8.85 2.22 8.13 0.88 8.03 2.11 7.5 1.07 0.96 8.43 4.53 8.64 6.55 7.08 5.2 5.48 9.8 5.61 4.93 0.98 5.69 3.24 4.67 5.33 0.37 1.23 8.95 1.98 3.99 1.82 1.02 4.73 8.51 4.09 9.08 7.04 3.8 2.45 8.16 4.63 7.24 3.46 4.88 2.85 4.53 6.15 1.02 8.02 4.21
bool 92 1 1 1 0 0 1 1 0 1 0 0 0 1 0 1 0 0 1 1 1 0 1 0 0 1 0 0 1 0 1 1 0 1 1 0 0 1 0 0 0 1 1 0 0 1 0 1 1 1 0 1 0 0 1 0 0 1 1 0 1 0 1 1 1 1 0 0 0 1 1 0 0 1 1 0 0 0 1 1 1 1 1 0 1 0 1 0 1 1 1 0 1
double 93 8.04 7.68 4.04 1.96 5.83 6.46 0.44 3.45 8.94 4.88 9.46 8.97 2.34 4.64 5.68 9.33 2.24 6.48 4.66 3.61 3.66 1.42 3.68 4.57 3.23 4.71 3.34 1.41 8.68 1.6 8.89 8.67 7.92 2.66 1.06 3.98 2 9.11 4.11 6.92 7.21 2.93 5.2 0.47 5.05 2.61 0.11 9.76 0.29 4.86 5.66 9.96 2.38 3.32 1.45 8.84 1.2 0.44 5.32 7.87 8.61 6.84 5.26 3.38 4.13 9.84 0.16 9.85 7.15 9.3 2.36 3.98 0.31 7.28 7.82 6.35 3.52 3.06 6.33 0.05 1.77 3.8 8.75 1.27 4.73 6.45 3.9 9.81 3.51 7.36 5.7 6.26 9.34
int 93 64 31 14 97 86 42 97 53 49 51 84 45 63 78 87 65 37 56 47 82 24 6 26 1 86 87 20 50 28 75 62 86 80 65 53 67 76 23 84 84 83 35 95 74 68 41 18 34 58 10 13 55 70 38 83 16 15 86 5 5 66 14 89 22 50 52 80 54 68 85 81 63 13 31 1 93 40 8 40 71 9 81 16 3 9 87 62 46 39 39 70 93 97
int 93 98 93 62 37 22 80 16 31 59 62 95 52 10 22 96 36 45 28 93 15 92 84 33 53 79 55 58 69 94 89 46 87 36 61 5 8 45 76 91 91 44 73 49 10 87 53 68 1 63 11 60 9 65 62 94 48 52 49 97 79 50 65 28 87 2 33 73 55 5 88 73 94 53 97 99 92 98 44 10 76 15 11 7 19 81 28 26 22 72 6 53 89 5
char 96 b j s c i r o c t s k f d f j j o h b e k t n e s q h e j j g t c c h o b o i r k i d p h f d t s o d r m h g f e g q o s r l m e n n k q e l n r c k f l m e n n s k o g i o i i i t c l b e l
int 96 55 94 47 73 75 78 11 53 79 54 11 55 36 9 91 42 64 9 83 14 25 24 59 67 68 53 72 94 36 45 35 45 36 1 71 91 6 74 57 99 1 88 4 17 15 52 21 17 95 53 21 92 25 72 15 44 35 68 32 46 5 95 73 32 64 98 43 50 31 16 86 32 88 7 94 83 8 60 97 84 9 78 17 77 28 91 40 47 56 31 34 20 24 64 91 92
char 96 b p o l q p c n c e r o p l p m c e c a f i l e r f i b m m t d p g r h e e h o l g g t s a a l a k t l k n n e j j p d h d a e a f c e m f t l k h t f h p g d o c t r l p n r k i p d l s p r
int 101 52 47 88 99 49 76 92 83 41 38 24 44 48 92 10 89 19 67 79 51 76 49 79 44 99 98 86 64 97 82 82 58 69 10 4 20 85 25 6 41 56 60 10 40 92 37 13 10 41 72 66 60 3 82 54 91 52 60 74 17 48 22 86 20 66 20 85 70 77 15 81 53 4 19 99 81 62 24 49 69 50 72 44 49 87 21 84 14 28 28 42 84 40 73 71 20 33 28 19 72 30
char 101 r h r r m o g d t l d g c k f b o t b f b g m d n a p f p m e m m m g q o l e e e k d i a c q s q n t l k m c h r a q m q c m e d p a e d r c f s j h l d t k b h n d o d p m j e b a l k e r h m j g a p
bool 102 1 0 0 1 1 0 0 0 1 1 0 0 0 0 1 0 1 0 0 1 0 0 0 0 1 0 0 1 0 0 0 1 0 0 1 1 0 0 0 0 0 0 0 0 1 1 0 1 1 1 1 0 0 1 1 1 0 1 0 1 1 1 1 1 1 1 1 0 1 1 1 0 0 0 1 0 0 1 1 1 1 0 1 0 1 0 1 0 1 1 1 0 1 1 1 0 0 1 1 0 0 1
int 102 84 94 37 83 7 31 52 59 26 76 24 67 81 15 90 92 8 22 19 31 23 47 65 52 72 24 19 87 8 27 70 27 77 50 38 46 42 26 6 50 46 52 62 2 91 48 82 48 39 50 30 2 47 53 85 66 98 74 59 85 85 24 18 27 21 20 7 35 72 70 36 90 25 31 77 88 16 86 59 32 54 25 56 66 88 78 12 74 36 58 57 62 67 48 86 17 78 26 11 89 65 78
int 104 83 11 68 47 77 76 18 86 49 53 46 69 54 65 49 88 14 58 3 37 82 17 71 26 77 40 79 85 48 18 83 56 20 11 31 72 18 43 80 27 14 91 7 82 32 34 88 2 93 56 2 74 7 6 89 11 80 60 81 4 19 68 3 29 80 17 43 74 34 83 35 73 35 65 78 57 48 74 16 18 92 70 3 32 67 11 9 82 83 42 94 97 90 79 50 15 16 43 20 21 33 51 47 72
int 108 56 56 44 50 35 26 81 25 22 80 19 79 28 91 55 53 59 17 74 43 96 12 8 71 31 83 79 13 9 41 30 14 62 89 5 11 15 27 45 66 63 36 20 51 8 62 90 29 99 26 49 42 41 73 18 50 47 90 93 92 93 2 12 37 79 32 65 29 2 57 7 57 91 89 4 22 54 66 17 18 13 44 58 38 81 90 68 92 83 52 32 41 74 56 45 98 39 32 23 60 61 25 2 86 66 22 12 3
double 108 2.09 1.55 8.23 6.25 0.52 8.01 2.85 4.63 0.58 9.99 7.83 1.69 8.79 0.55 0.69 3.28 7.71 1.89 7.57 7.41 4.69 1.43 9.74 6.87 3.56 5.63 2.61 4.53 8.92 8.64 2.06 2.87 6.42 1.1 3.79 9.67 2.85 3.95 1.95 5.24 4.73 1.84 4.82 3.47 3.93 2.57 8.68 2.76 3.01 0.91 6.59 2.37 3.94 0.13 9.79 1.08 5.51 8.88 6.88 7.71 9.81 1.96 9.62 5.91 0.24 3.68 4.14 9.65 7.67 5.55 6.24 0.07 4.72 5.54 5.93 2.83 8.87 3.13 6.64 5.87 0.63 3.54 3.82 2.99 2.43 3.37 0.91 8.28 9.88 9.76 7.05 8.55 4.1 9.38 4.36 5.98 2.83 0.37 3.34 5.8 7.23 0.48 7.33 7.56 7.86 2.51 5.05 2.63
