int 11 88 46 48 21 27 46 74 97 30 17 44
bool 11 1 1 1 1 1 1 0 0 1 0 1
char 15 f n r j q d b p s a j c o d d
char 18 t k n l b f n j q n b s l d a i h g
bool 19 1 1 0 1 0 1 0 0 0 0 1 1 1 0 1 0 1 1 1
char 20 b e f c n d q s o i d t c d k t m r m c
double 22 5.66 7.78 4.85 3.82 6.41 0.77 4.84 2.75 4.01 9.39 2.44 7.89 8.08 3.02 7.3 9.4 4.89 6.82 4.46 1.27 6.48 6.59
int 22 81 22 90 43 82 82 46 57 42 48 55 59 1 16 22 50 26 37 84 27 43 39
bool 23 1 0 1 0 0 1 1 1 1 1 0 1 1 1 0 1 0 1 1 1 0 1 0
char 23 m q k t j i j m m s h b c q j f i f i n h f o
bool 24 0 0 0 0 0 0 1 0 1 0 0 0 1 0 1 0 1 1 0 0 0 1 1 1
char 25 b t e c k r i l d e m f s m h r p h b c r e i n p
double 27 0.51 7.81 9.55 9.32 7.31 9.46 0.91 0.75 8.91 1.86 3.87 5.46 8.27 6.91 2.38 0.05 6.21 4.51 4.99 8.41 3.12 0.98 0.95 2.44 3.46 6.27 0.32
char 27 a e a i k d d l d q o m j m c b p p l e k g n i g n t
bool 27 0 0 0 1 0 0 0 0 1 1 0 1 1 0 0 1 0 1 1 0 0 1 0 0 0 0 0
bool 27 1 1 1 1 1 0 0 0 1 0 1 0 0 0 1 0 0 1 0 1 1 0 1 1 0 1 1
int 28 10 87 50 30 31 73 1 27 4 86 84 92 5 94 61 55 70 83 81 55 77 92 93 74 9 78 8 43
double 28 2.69 5.48 0.53 2.59 3.79 6.81 9.6 7.11 5.68 1.86 0.34 1.96 0.77 1.55 8.11 6.62 9.3 4.62 0.26 7.91 6.66 8.88 6.95 9.93 0.18 1.45 7.52 1.03
char 29 p g t r m a q e k h o p d l n r r o q f l m q f h j p k m
bool 30 1 0 0 0 1 0 1 0 0 0 0 1 0 1 1 1 0 0 1 0 0 1 1 1 1 1 0 0 0 1
int 31 88 46 71 95 71 81 28 90 66 18 83 2 62 97 96 17 35 61 39 9 27 79 66 55 48 44 86 35 39 12 54
bool 31 0 0 0 1 0 0 1 1 0 0 0 0 0 0 0 0 1 1 1 0 1 0 1 1 1 1 1 1 1 1 1
bool 32 1 0 1 1 0 0 0 0 0 0 1 1 0 1 0 0 0 1 1 1 1 1 1 0 0 0 1 1 0 0 1 1
bool 32 1 1 1 1 0 1 1 1 0 0 0 1 1 1 1 0 1 0 1 0 1 1 1 1 0 0 0 1 1 0 1 1
bool 33 0 0 1 0 0 1 0 0 0 1 1 0 1 0 0 1 1 1 0 0 0 1 0 0 0 1 1 1 1 1 0 0 0
int 35 87 46 66 42 59 58 27 35 82 76 10 25 50 94 23 41 38 4 18 19 14 60 20 87 92 26 45 75 59 51 58 22 18 18 33
bool 38 0 1 0 0 1 0 1 1 0 1 1 0 1 1 0 0 1 1 0 0 0 0 1 0 1 0 1 0 1 0 1 1 1 0 1 1 1 1
int 39 15 65 82 15 46 4 89 4 60 69 42 82 59 88 14 92 6 9 21 51 67 94 33 69 30 96 87 66 39 75 17 9 30 37 21 52 64 92 12
int 40 39 84 24 62 3 73 91 68 82 61 15 63 65 97 33 26 71 3 94 31 99 83 80 37 62 59 93 99 4 66 35 38 63 4 10 96 83 23 38 93
int 41 27 8 89 66 22 10 51 42 15 54 21 35 88 58 34 35 64 54 86 6 50 50 26 36 10 12 42 91 77 56 81 76 59 61 14 97 52 81 28 78 16
int 41 4 56 30 74 20 88 90 4 70 99 92 46 10 38 31 98 75 48 81 48 72 52 70 58 78 24 54 39 79 93 62 5 73 46 24 33 24 64 34 16 29
double 43 3.62 9.58 6.56 3.62 1.72 7.93 3.14 2.26 0.88 2.96 8.14 8.66 3.79 7.8 5.3 9.63 1.7 2.06 5.93 3.42 1.85 6.81 5.79 8.08 4.07 7.27 6.15 4.53 2 3.04 3.43 8.28 0.15 6.84 4.51 6.98 3.58 9.08 0.8 9.73 1.67 6.28 9.05
char 43 s o c t q s d o d t m k m m n i t b n h h t g l q k r o r o d e t o j m f c t q l m s
bool 43 1 1 0 1 1 1 0 1 0 0 0 1 1 0 0 1 0 0 1 0 1 0 0 0 0 0 1 1 0 0 0 0 0 0 1 0 0 0 0 0 1 1 1
int 44 31 55 5 98 69 45 62 21 86 17 67 9 21 70 57 73 1 64 60 36 28 29 90 12 29 15 88 53 68 67 11 20 60 27 23 44 84 14 9 27 86 41 32 31
bool 44 1 1 1 0 1 1 0 1 0 1 0 1 1 0 1 0 1 1 1 1 0 0 1 1 0 1 1 1 1 0 1 1 0 1 0 1 1 0 1 1 0 0 1 0
char 45 b p r b r i j n r i b m n g a o a k s p i p b l s p a o s k b q m p i k p i d h b i i b j
bool 46 0 1 0 0 0 1 1 0 0 1 1 1 0 1 0 0 1 0 0 0 0 0 0 1 0 0 1 1 1 1 0 0 1 0 0 0 0 0 1 1 0 1 1 0 0 1
char 48 g l m l d h c d t b r e k r g b c f t a i e d j h g p n b g g j l r l b b m p l r r a q a s b t
bool 48 1 0 1 1 1 0 1 0 0 0 1 0 0 1 1 0 0 1 1 1 1 0 1 1 0 1 0 0 1 0 0 1 0 0 0 1 1 0 0 1 1 1 1 0 0 0 0 0
bool 49 0 0 0 0 0 0 1 1 1 1 1 0 0 1 0 0 0 0 0 1 0 0 1 1 0 0 1 0 1 1 0 0 1 1 1 0 1 0 0 0 0 1 0 1 0 1 1 0 1
double 52 2.5 1.53 6.47 0.5 8.78 2.64 0.24 8.27 5.48 4.21 3.84 7.97 0.57 3.69 9.86 7.43 2.9 7.84 9.2 4.01 5.79 0.07 2.56 8.25 1.72 7.92 9.94 3.67 6.7 0.84 0.02 7.81 8.09 2.02 7.41 6.35 5.23 3.68 1.97 7.51 4.95 9.82 2.6 9.03 4.47 8.72 6.88 0.45 3.38 0.07 0.48 7.49
double 52 8.63 7.03 0.91 8.15 0.13 9.13 0.04 0.06 1.36 7.55 5.72 1.49 1.92 4.7 2.54 1.1 3.07 9.58 8.57 0.46 5.52 3.45 0.2 3.68 4.61 7.44 2.28 8.14 9.75 5.68 6.02 3.64 6.02 1.21 9.12 1.93 4.73 8.11 3.07 8.23 1.64 6.28 9.68 4.39 4.42 8.3 8.61 5.46 3.18 5.95 4.42 7.74
bool 53 1 0 0 0 0 1 0 0 0 1 1 1 0 0 0 1 1 0 1 0 0 1 1 0 0 1 0 0 1 1 1 0 1 0 0 1 0 1 0 1 1 1 1 1 1 1 1 0 1 1 0 1 0
int 54 21 11 6 88 16 83 80 1 5 72 80 86 36 24 6 75 56 71 42 81 12 46 67 52 50 80 68 99 33 20 27 18 37 47 60 80 36 15 67 64 3 53 48 68 86 50 13 34 12 47 13 70 38 35
double 54 3.64 3.55 9.06 7.82 2 0.22 0.17 6.27 4 5.14 3.26 6.01 6.79 8.33 4.74 8.27 5.3 5.33 6.22 2.24 9.57 2.58 9.82 4.48 0.37 1.53 0.02 8.59 0.32 5.33 6.93 7.15 3.55 4.43 1 7.87 9.59 0.84 8.64 9.76 8.07 9.92 5.67 8.45 9.46 2.97 4.52 3.95 4.21 9.16 2.13 6.12 9.15 1.09
int 55 1 17 6 8 40 39 31 3 9 2 88 65 51 4 28 54 27 25 19 46 3 91 10 60 32 85 86 56 91 1 15 39 30 13 45 28 22 88 12 64 39 73 6 81 81 53 46 48 22 43 30 27 30 28 94
int 56 71 19 43 74 44 76 54 25 97 57 36 78 3 26 71 82 25 54 18 94 82 57 70 88 90 32 58 65 51 86 50 26 56 78 87 61 58 51 45 67 70 51 8 17 41 1 59 5 75 82 26 68 44 76 26 92
int 57 28 82 87 25 39 60 94 78 98 11 21 85 87 62 9 48 98 52 99 36 29 25 82 38 41 26 67 54 82 55 82 60 87 99 53 56 55 12 37 50 99 33 38 32 65 14 85 33 60 39 99 86 22 26 53 86 46
double 57 1.83 7.02 4.8 4.41 3.49 9.45 4.2 4.2 2.9 8.15 5.53 9.52 1.2 7.76 7.72 8.82 0.57 7.44 6.87 7.42 3.33 2.2 8.84 1.45 7.44 4.67 7.27 4.58 0.24 7.79 6.52 1.85 6.12 5.85 1.96 3.44 6.37 0.91 3.96 7.86 6.79 9.15 0.84 7.91 4.09 8.99 3.19 9.53 5.06 5.77 6.07 8.41 0.84 3.36 6.76 0.47 4.08
int 59 24 95 19 91 73 86 12 40 88 92 75 46 50 76 36 70 85 77 31 69 75 25 47 89 99 12 1 6 16 32 79 23 45 34 32 16 45 51 7 79 20 8 38 39 14 17 6 91 10 94 22 74 63 57 60 24 30 82 76
char 60 l f m e m b f t f o o j m d s l q q t f b g h c o c i c t p g q c g r f a a q r e j f c s r o o i i e b k j c o f l d b
double 62 7.19 9.57 9.72 7.65 4.68 8.79 0.05 9.25 0.83 8.07 8.85 0.33 1.93 6.49 7.09 2.87 8.17 6.76 6.06 8.04 2.59 5.91 1.43 9 7.44 4.28 7.54 6.02 9.75 1.64 6.14 6.46 1.08 5.02 5.12 4.14 6.14 3.21 0.78 2.23 6.42 9.49 6.12 4.23 0.17 2.91 8.38 5.51 7.01 4.34 4.16 9.52 8.13 7.7 7.66 1.03 1.29 0.51 4.1 1.96 6.95 2.58
double 63 5.57 8.2 3.82 2.97 0.18 0.42 9.07 0.77 5.98 8.98 2.42 2.37 6.43 4.71 2.02 1.82 7.66 1.16 1.91 4.69 8.46 5.2 9.76 8.84 1.89 1.89 5.74 1.44 2.74 9.65 8.99 2.36 3.14 5.11 0.38 2.21 9.3 8.95 9.34 9.2 4.16 2.66 5.99 8.05 4.77 2.47 8.6 4.71 7.24 7.35 7.58 0.89 8.58 2.88 1.41 3.85 8.05 8.6 8.51 6.27 3.29 9.65 3.24
char 63 m f c j o e g c k s r n i g e p h n n k b f q o d p g m m k c l q n c e r q h k t i e e q o o k c j i s d q n n i o i q m t n
bool 64 0 1 0 1 0 0 0 0 1 1 0 1 0 1 1 0 1 0 0 1 1 0 1 1 1 0 0 0 0 1 1 1 0 0 0 0 1 0 1 0 1 0 0 0 0 0 0 0 1 1 0 0 1 0 1 0 1 1 1 1 1 1 1 1
char 64 f b q c k o f e o p j s n n l s m q m q m a t t p s o e k s l h m r r d k p o d c h m n d o p l m f i p q s b r i a e k a e f b
int 64 40 40 28 20 18 33 57 59 18 42 53 45 55 42 73 6 48 2 29 53 74 50 40 79 35 8 34 23 54 26 38 1 10 40 66 57 85 67 75 75 3 43 65 22 16 75 15 36 65 77 18 94 36 78 62 56 51 67 32 61 84 16 16 22
double 65 4.75 3.86 8.96 3.35 7.41 2.94 7.33 9.1 6.91 7 0.64 5.22 3.46 6.79 8.32 7.07 6.9 2.33 8.26 5.99 2.05 1.66 6.44 2.43 3.56 7.4 3.24 4.42 8.58 0.93 4.34 6.58 5.23 4.67 7.16 1.37 9.53 5.83 7.33 3.59 0.75 1.83 1.18 0.16 9.39 3.84 1.56 0.68 1.13 9.92 7.85 8.67 0.84 5.12 5.18 1.32 2.62 4.36 5.33 0.75 2.84 3.89 8.54 0.56 8.89
bool 68 1 1 0 1 0 0 0 0 1 0 1 0 1 0 0 1 1 1 0 1 1 1 1 1 1 0 0 1 1 0 1 1 0 1 0 1 0 0 0 1 0 0 1 0 1 1 0 1 1 1 1 0 0 0 0 0 0 1 1 0 0 1 1 1 0 0 1 0
bool 68 1 1 0 0 1 0 0 0 1 1 1 0 1 1 0 0 1 0 1 0 1 0 0 0 0 0 0 1 0 0 0 0 0 1 1 0 0 0 0 0 0 0 1 0 0 1 1 0 1 0 0 1 1 0 0 0 1 1 1 0 1 0 1 1 0 0 0 0
double 69 2.65 7.45 3.26 6.72 5.32 7.99 6.08 9.46 0.58 6.38 0.94 4.59 0.38 5.92 9.55 2.49 7.08 5.49 0.35 4.69 9.61 2.06 9.13 1.35 0.07 1.84 8.55 5.04 3.15 0.55 4.15 7.27 3.79 7.79 2.53 0.04 0.17 8.19 0.64 3.01 1.34 1.44 9.94 8 4.68 1.22 9.66 4.65 7.69 9.4 7.25 5.68 5.6 0.5 9.89 5.38 7.01 4.98 5.07 6.92 6.54 7.23 4.13 4.36 0.28 8.16 2.62 1.93 4.02
int 69 38 65 58 79 34 50 72 1 95 98 13 7 28 22 53 88 55 93 49 86 90 3 41 66 42 54 90 88 79 17 44 66 79 94 82 79 61 95 5 73 70 18 46 70 43 46 83 54 94 48 65 40 26 8 98 32 22 98 79 90 80 56 38 45 91 87 32 78 94
bool 70 0 1 0 1 1 1 1 1 0 0 1 1 1 0 1 0 1 1 0 1 0 1 1 1 0 0 0 0 1 1 1 1 1 1 0 1 0 1 0 1 1 0 1 1 0 0 0 0 1 1 1 1 1 1 1 0 1 1 0 0 1 0 1 1 0 0 1 0 1 0
bool 71 1 1 1 0 1 1 1 0 0 0 1 0 0 0 1 0 0 0 0 1 0 1 0 0 0 1 1 0 1 0 0 1 1 1 0 1 0 1 1 0 0 1 0 1 1 0 1 0 1 0 1 1 1 1 0 1 0 1 1 0 1 1 1 0 0 0 1 0 1 0 1
bool 72 0 0 0 1 1 1 0 0 1 1 1 1 0 0 1 1 0 1 1 1 0 0 1 1 1 1 1 0 1 0 0 1 0 1 0 1 0 0 1 1 1 0 1 0 1 0 1 1 1 1 1 0 1 1 1 0 0 1 1 0 1 0 0 1 0 0 1 0 0 1 1 0
int 72 57 38 91 19 39 40 31 50 59 28 86 14 18 89 70 67 31 51 94 34 61 12 46 70 70 32 22 5 74 78 36 5 89 78 87 70 91 62 21 84 35 36 64 93 91 5 37 65 86 64 32 10 62 23 68 83 19 93 30 49 55 99 27 85 48 25 29 62 66 58 74 39
char 73 t q h j t c j f c m o a a o h k f g h o b q l d j s b j e l o q a g j d i g c i p m h h p t c j d n s a l p g t i g q q p i s c p e m a l d n t m
int 73 88 40 99 42 11 29 52 70 90 21 86 75 47 81 27 61 14 72 86 35 72 26 99 83 83 21 37 37 75 17 62 94 11 28 9 72 52 6 73 67 26 90 19 85 42 31 28 68 16 70 18 36 48 70 90 96 55 1 30 95 35 28 83 26 74 59 72 49 6 44 20 31 68
double 75 2.44 7.25 1.95 4.32 1.11 2.3 4.67 1.11 8.89 7.92 1.93 8.17 8.63 8.17 3 2.72 8.39 5.83 9.32 7.28 0.19 3 6 1.29 5.86 5.68 9.33 7.86 1.91 9.22 3.48 9.89 6.8 6.21 7.89 2.82 6.88 2.15 3.53 6.27 9.33 7.67 9 1.87 8.09 0.98 3.78 9.38 8.66 6.27 2.1 7.27 5.92 3.2 8.04 6.25 0.81 3.83 7.93 2.4 8.23 1.54 3.58 6.79 3.46 1.24 7.94 6.1 3.62 0.41 9.47 0.16 0.7 5.86 3.56
bool 76 0 1 0 1 1 1 0 1 0 1 1 0 0 0 0 1 1 1 1 0 0 0 1 0 1 0 1 0 0 1 1 1 1 1 1 1 1 0 1 1 0 1 1 1 1 0 1 1 1 1 0 1 0 0 0 1 0 0 0 0 0 0 1 1 0 1 0 1 0 1 0 1 1 0 1 0
double 77 9.71 8.68 7.01 5.81 6.41 4.44 5.85 4.13 0.02 1.42 1.62 8.53 2.44 6.21 5.24 3.12 9.3 2.58 1.6 1.71 1.05 0.31 0.09 7.32 9.02 1.52 2.5 9.16 1.47 8.37 6.41 5.51 8.41 6.25 8.13 9.73 5.87 4.24 0.81 6.46 6.94 9.01 8.71 4.35 2.23 5.82 5.27 2.18 7.81 2.22 4.45 7.54 0.51 7.91 0.83 9.36 7.48 3.54 6.5 5.5 9.52 3.05 8.72 2.89 7.03 9.1 7.68 7.06 9.51 6.37 3.07 9.79 8.63 8.32 7.47 8.17 2.12
int 77 42 73 48 4 80 92 8 59 25 1 77 60 87 30 97 67 27 26 18 91 76 88 68 97 31 89 68 14 10 12 53 11 10 93 15 13 35 67 50 62 88 26 71 46 59 81 73 10 55 34 77 90 11 88 97 6 90 37 66 74 32 39 18 77 19 34 98 28 81 7 60 21 32 83 67 31 3
double 78 9.81 1.42 8.91 5.42 1.64 3.86 6.4 4.15 7.41 1.24 5.81 1.35 8.41 2.62 9.45 3.44 8.91 8.87 2.72 5.07 6.94 6.84 8.39 9.16 9.9 5.87 0.37 2.55 2.39 2.94 6.33 7.62 5.07 2.22 0.01 2.33 6.57 9.43 7.27 1.63 4.37 9.15 4.45 1.08 7.73 9.37 2.79 0.82 6.98 6.87 8.29 8.13 9.49 0.45 4.93 8.12 5.6 6.3 2.55 8.74 7.81 0.77 7.8 3.87 1.74 4.3 0.04 0.19 7.59 4 7.3 9.45 5.64 3.09 8.26 8.61 0.99 3.4
char 80 b m s h q n i p f g s k q t n b a g r d h e n p t a p b b r l i q l r d t f a l l k s n t i o h j j f d o c o g b o p i a e g i b h n h t r n h j r g b o d f r
double 81 7.56 5.52 8.26 4.38 4.3 3.04 7.24 8.97 9.78 7.54 7.06 4.18 5.33 3.54 6.93 0.95 2.52 5.73 5.92 2.81 8.38 3.61 4.3 2.21 3.91 6.56 8.18 8.15 7.38 1.82 1.3 3.5 1.47 1.67 6.07 9.98 0.51 8.56 6.5 1.99 6.61 2.12 0.51 3.73 8.61 1 9.46 8.95 0.27 2.08 8.27 1.15 8.22 2.01 1.46 1.65 3.34 0.31 7.16 4.54 3.57 3.41 7.92 8.64 0.08 5.26 7.22 0.25 5.01 5.23 2.04 4.1 3.45 8.09 4.01 7.84 8.59 7.52 5.42 7.52 3.72
bool 81 0 0 1 0 0 1 1 0 1 1 0 1 0 1 0 1 0 1 1 0 1 1 0 0 0 0 1 0 0 0 0 1 0 1 1 1 1 1 1 0 0 0 0 0 1 0 0 1 1 1 0 1 1 1 1 1 0 0 1 1 0 1 1 0 0 1 0 0 0 1 0 0 0 1 0 1 1 1 0 0 0
bool 82 1 0 1 0 0 0 0 1 0 0 0 0 1 1 1 1 0 0 1 1 0 0 1 1 0 1 0 0 0 1 1 1 1 0 1 1 1 0 1 0 0 1 1 1 0 0 1 1 1 0 0 0 1 1 0 0 0 1 0 0 0 1 1 0 1 0 1 0 0 1 1 1 1 1 0 0 0 0 1 0 0 0
double 85 4 4.48 2.07 8.18 7.38 1.71 2.44 6.04 3.17 6.53 9.67 5.36 1.62 9.73 8.67 7.18 7.1 2.12 6.65 3.09 9.91 3.55 5.27 7.98 6.05 3.97 4.02 6.63 8.45 9.81 5.94 5.28 5.11 5.86 6.79 3.78 4.53 4.61 0.24 4.16 6.71 3.31 2.35 1.87 2.53 4.65 6.48 7.92 5.17 4.55 8.31 8.45 9.21 2.46 2.02 1.15 8.95 3.18 5.64 7.05 4.31 7.68 4.79 2.48 7.57 1.01 1.6 8.09 3.73 1.73 6.63 6.76 6.63 7.35 8.25 5.08 8.51 8.33 6.22 2.76 4.54 4.51 5.2 3.78 0.65
char 87 e m q d h b k n r g a h q b m r e o n t m e p d f k b d g m n f i p j t r i m d e g r l l r a f d d j d a h a c a q m f m b s n b j m c t f r i r j c f f a d n l m m k e g n
bool 87 1 1 0 0 1 1 1 0 0 1 1 0 0 1 0 1 0 1 0 1 1 0 0 1 1 0 1 1 1 0 0 1 1 1 0 1 0 1 0 0 0 0 0 0 1 0 0 1 1 1 1 1 0 0 1 1 1 0 1 1 1 1 1 0 1 1 0 0 0 0 0 1 1 1 0 0 0 1 1 0 1 0 1 1 0 0 1
char 90 p b j p s j t f a d p n j g n a h h d i l d b r i o s l g p g o j h s e q a a k k e l h a m a j n p e c e t f p q i o k f k n c s e p o b d e i e d b s a a f i f p r r k a b q s s
int 91 85 50 85 68 98 94 18 52 64 25 78 62 80 64 59 83 79 31 94 13 84 89 26 20 34 97 17 76 37 80 35 57 32 37 84 36 7 12 89 84 4 38 52 93 66 90 6 61 93 55 27 85 39 34 57 37 96 82 53 96 68 59 2 26 46 4 9 97 66 85 30 23 91 13 80 69 75 9 25 88 96 31 54 12 74 87 67 32 15 19 16
double 93 8.94 5.4 1.76 4.62 7.87 1.92 4.26 6.27 2.8 3.11 2.86 1.8 1.31 9.86 5.11 0.46 9.46 8.69 7.24 3.55 4.89 1.56 2.15 5.04 3.41 4.92 3.77 6.84 5.54 3.96 2.18 7.96 6.05 5.55 9.51 3.2 8.09 9.27 9.23 7.89 7.81 1.73 3.93 1.6 9.65 9.06 3.43 4.09 0.39 8.4 8.96 3.03 0.73 8.89 2.65 7.39 2.38 6.78 4.92 1.69 2.35 7.26 9.4 4.97 6.69 4.87 7.02 0.06 3.33 7.81 2.43 6.91 8.92 7.63 1.52 1.95 8.77 2.24 7.64 8.79 6.01 8.45 2.26 4.24 9.38 7.71 4.57 5.73 2.72 3.41 6.87 9.89 5.43
double 93 7.96 6.85 5.44 8.84 6.38 3.68 3.53 5.64 3.5 0.61 5.76 1.58 1.12 0.59 4.95 2.34 1.35 3.55 6.89 4.37 7.12 4.24 9.07 4.75 4.46 2.57 2.92 6.55 8.48 2.61 2.62 7.12 6.92 1.21 1.97 5.21 5.02 3.46 8.39 0.76 0.13 0.63 2.13 4.49 7.8 7.21 9.32 9.3 3.76 0.46 8.26 7.8 7.96 2.38 5.61 0.67 2.62 0.01 7.62 7.76 9.87 7.06 6.49 0.92 3.6 1.74 6.04 8.38 9.88 8.4 3.13 9.71 2.98 8.85 5.88 8.82 4.3 4.65 9.37 6.78 7.27 7.95 0.14 2.49 0.48 6.06 8.94 9.21 4.14 4.69 2.96 3.97 8.51
bool 95 1 1 0 1 0 1 1 1 0 0 1 1 0 1 1 0 0 1 1 1 0 0 1 0 0 0 0 1 0 0 1 1 0 0 1 0 0 1 1 1 1 1 1 1 1 0 1 1 0 1 1 1 0 0 0 0 1 1 0 1 1 0 1 1 0 0 0 0 0 0 0 0 1 0 1 0 0 0 0 1 1 1 0 0 0 0 0 0 0 1 0 1 0 0 0
char 96 g n m n f e j n m d s o g l q a h m h j c e i j t b h i a k l j n c j n h c e p q t b b n a h r a l o a k k r m b d g n n g e j f q p k g t g t e e a r h k j k r j n n e h l l a t p c c s a q
bool 97 1 0 1 1 0 0 1 1 1 1 0 0 0 0 1 1 1 1 0 1 0 1 0 1 1 0 0 1 1 0 1 1 1 1 0 1 1 1 1 0 1 0 0 0 0 0 1 1 0 1 0 0 0 1 0 0 1 1 0 0 1 1 0 1 1 0 1 0 0 0 0 0 1 0 1 0 1 0 0 1 0 1 1 1 1 0 0 1 1 0 1 0 1 1 1 0 0
double 97 2.48 9.31 8.06 8.7 9.44 8.4 0.48 3.19 6.39 2.11 5.22 2.6 5.22 2.83 4.02 6.91 3.37 7.15 4.4 6.41 6.03 6.36 3.71 6.82 4.37 7.59 5.55 7.85 2.11 3.82 1.11 6.56 4.14 4.9 9.55 8.96 9.62 2.21 0.93 7.9 4.89 4.64 9.49 6.54 9 8.78 7.1 6.8 5.17 7.58 8.79 7.74 4.76 1.63 9.32 2.22 1.23 1.08 2.19 1.42 9.38 4.9 4.61 9.72 2.62 8.37 6.88 1.86 8.35 5.23 5.71 0.66 8.38 2.41 3.71 4.87 2.91 6.5 4.11 5.92 6.13 4.65 6.48 4.81 2.56 6.89 5.8 0.54 8.49 5.22 8.97 5.85 1.92 1.13 0.84 1.98 2.81
int 98 94 55 61 67 50 59 95 46 97 19 2 93 62 48 30 19 40 25 48 32 5 81 13 36 9 19 54 15 52 83 11 62 84 42 96 76 81 79 72 72 30 51 70 48 11 88 47 64 72 11 83 93 99 47 88 60 40 93 55 83 69 9 13 57 63 77 82 1 42 73 72 87 97 71 80 17 32 32 89 30 35 99 27 45 88 82 75 37 43 64 34 38 89 26 36 66 66 44
double 99 3.89 8.68 2.19 1.75 8.73 2.62 7.67 8.82 8.7 8.87 4.31 9.41 3.17 1.85 2.76 6.38 7.46 4.83 9.53 3.9 3.42 1.35 3.75 7.3 0.92 7.35 9.96 9.47 9.94 1.91 9.57 7.57 1.21 1.48 9.58 1.14 5.77 0.86 8.86 2.52 9.3 0.44 3.45 1.37 4.41 6.27 0.67 6.62 8.28 2.1 4.27 2.1 7.94 5.49 7.67 5.88 8.38 4.63 1.11 4.18 9.98 1.17 3.39 0.31 2.97 6.14 7.18 6.06 7.53 3.16 3.88 1.62 1.15 9.44 5.15 6.07 8.16 2.57 8.22 8.16 1.69 0.22 3.82 1.36 5.57 5.06 9.49 3.68 0.54 7.7 8.82 3.29 4.62 9.99 7.78 9.64 7.42 4.34 2.82
bool 100 0 1 1 0 0 1 0 0 1 0 0 1 0 0 0 1 1 0 1 1 1 0 1 1 1 0 1 1 0 0 0 1 1 1 1 0 0 0 0 1 1 1 0 1 1 1 1 0 0 1 1 0 1 1 1 1 1 1 0 1 0 0 1 1 0 1 1 0 0 1 1 0 1 1 1 1 1 1 1 1 0 0 1 1 1 0 1 1 1 0 0 0 0 0 0 1 0 1 0 0
char 101 r h r r m o g d t l d g c k f b o t b f b g m d n a p f p m e m m m g q o l e e e k d i a c q s q n t l k m c h r a q m q c m e d p a e d r c f s j h l d t k b h n d o d p m j e b a l k e r h m j g a p
bool 102 1 0 1 1 1 1 0 0 0 1 0 1 1 0 1 0 0 1 1 0 0 1 1 0 0 0 1 0 0 1 0 1 1 0 1 0 0 1 1 1 1 1 0 0 0 0 1 1 1 1 1 1 0 1 0 0 0 0 1 1 1 0 0 1 1 1 1 0 1 0 1 0 0 1 1 0 1 0 1 0 0 1 1 0 0 0 0 0 1 1 1 0 1 1 1 0 1 0 0 0 0 0
double 103 8.97 1.08 9.91 5.84 9.38 1.03 1.23 5.78 7.87 0.5 4.45 1.43 9.04 5.53 0.25 8.74 7.98 5.28 3.9 7.58 5.6 7.87 4.48 6.47 2.15 2.84 6.18 9.79 9.06 2.99 6.29 4.57 9.08 2.89 0.5 2.18 3.18 4.95 9.28 1.1 7.85 9.39 3.7 2.12 5.29 5.89 9.37 6.77 7.27 2.11 4.24 8.08 5.07 4.79 9.25 7.04 7.49 2.97 3.98 7.64 4.55 5.43 0.47 5.55 3.03 6.5 3.82 6.21 8.22 8.58 1.03 3.86 0.03 4.39 4.74 3.63 8.98 5.86 1.47 6.54 5.53 2.6 6.97 3.98 6.48 4.16 6.28 4.89 5.21 1.57 1.77 0.25 6.07 6.07 4.59 8.29 4.7 2.55 9.23 9.48 8.64 3.41 1.97
int 103 19 50 59 48 32 30 26 48 71 69 1 36 31 31 53 92 48 10 70 11 38 24 19 54 39 77 5 12 26 16 45 22 76 63 86 44 43 23 95 99 6 80 72 72 11 59 5 72 42 43 25 23 42 12 58 56 25 70 48 13 62 27 65 38 51 27 65 41 20 34 4 27 51 68 74 11 42 24 75 51 43 30 69 32 87 59 48 16 40 85 61 34 97 52 2 78 22 91 43 66 54 67 16
char 104 t r g q c o g o i b r q d s d j m c f j l k c r t h h s f j m d t q n k c o t f j n s k i k a c c r t j e i l t h n q c j q t q e p j e f m c l q t b l q a c f h l r j b m f d a m r r j k q c n q g e a p g t
double 105 8.17 9.38 0.13 4.65 3.8 1.72 2.84 6.54 7.78 2.84 4.12 1.44 0.49 2.34 4.01 5.98 9.96 6.3 9.98 5.18 2.87 1.43 3.45 2.43 8.09 7.03 3.9 5.5 5.48 1.54 5.94 4.77 9.41 0.82 9.11 3.64 4.83 3.53 5.19 5.72 7.76 2.18 6.71 8.26 2.81 8.59 7.74 5.82 8.04 0.35 2.86 0.38 0.1 7.81 7.22 3.88 7.25 9.39 6.32 4.38 5.99 5.21 8 9.43 4.02 1.54 7.02 7.24 9.1 7.26 9.91 7.31 2.74 4.42 6.19 9.04 9.58 7.75 7.75 2.23 3.39 6.39 4.41 5.24 5.64 9.39 2.52 8.44 9.88 3.52 0.41 4.05 1.07 5.66 8.82 6.82 6.3 6.02 4.38 2.29 3.09 5.82 3.27 6.47 0.16
char 107 e o d b s b e g k d f t l l m o n c o j s k o a j i o q i o g r l r p m a f b f q l t h n b e k d n t r o h q q d i e k m h r g d i t e n m g b e r q b t s p e f i m o m c i r o i t a c d l o t n b f l f n q p b t
int 107 52 51 9 66 27 71 78 76 37 31 78 4 48 61 43 79 39 38 6 23 16 53 32 10 9 30 44 75 32 73 99 56 47 87 35 67 27 35 13 78 71 98 86 69 85 13 59 42 74 95 34 10 16 54 84 88 10 28 4 58 15 34 40 40 34 23 55 66 95 25 84 45 66 3 51 72 27 73 16 57 23 89 98 29 81 14 91 96 56 4 86 48 2 22 65 24 46 55 58 71 50 19 31 31 30 80 33
