18 5 3 2 6 1 9
57 5 3 9 6 10 5
66 6 12 4 11 8 6 1
5 6 4 10 1 2 3 8
32 7 2 9 14 13 12 1 8
73 10 3 5 13 14 16 9 12 2 11 17
65 11 14 4 16 9 20 19 22 10 7 21 5
89 13 21 24 1 12 19 25 5 26 10 23 13 22 18
88 13 4 5 15 21 24 2 12 19 26 13 6 22 8
71 15 1 13 26 27 15 10 4 8 28 2 30 17 12 29 18
71 16 32 20 28 3 31 22 9 11 18 30 6 21 8 10 16 25
72 17 29 24 30 26 13 5 34 16 19 27 12 17 32 14 25 4 15
20 17 34 8 9 28 33 6 26 29 19 10 7 3 22 11 1 2 13
139 20 16 1 21 31 36 22 9 26 18 13 29 30 14 12 27 19 15 6 20 24
71 20 4 36 11 6 14 13 30 16 8 24 27 28 7 5 9 37 3 32 23 22
155 21 15 26 2 3 17 21 8 32 29 24 5 39 9 36 19 12 10 7 30 6 33
147 23 46 24 14 7 6 20 32 36 35 21 34 41 18 42 37 15 5 19 26 29 25 44 43
225 23 36 43 31 23 3 16 19 25 29 35 30 22 2 34 4 46 32 9 41 5 28 14 27
135 25 30 18 26 3 20 29 5 44 12 33 41 49 4 43 15 32 42 27 28 22 35 23 24 2 25
162 26 41 9 30 39 27 37 13 16 6 24 8 31 32 4 47 42 26 35 29 17 19 23 1 2 43 20
117 27 35 33 51 2 16 10 7 17 45 18 25 13 39 20 29 4 32 37 31 24 49 15 27 19 43 54 53
131 28 6 41 4 26 27 25 44 8 46 45 56 38 17 50 40 21 28 3 48 19 15 12 7 5 18 22 42 20
141 31 36 15 58 29 55 28 17 16 25 7 41 42 27 35 13 6 60 9 49 61 30 3 2 51 37 54 8 18 43 19 12
121 33 61 6 12 57 7 14 43 55 8 11 41 3 39 34 36 35 38 53 4 42 59 25 5 31 44 65 23 54 58 15 2 13 9
145 35 32 16 63 65 57 35 58 51 19 11 44 54 1 61 53 47 64 46 9 37 4 50 17 69 5 22 36 48 27 31 28 15 40 18 3
161 35 43 47 58 1 62 66 41 59 32 38 14 6 45 53 10 57 13 8 30 70 36 31 65 33 27 51 37 46 18 9 35 50 12 4 17
181 37 66 24 12 7 60 55 34 8 45 37 42 13 49 33 67 5 52 26 29 32 16 40 4 22 20 25 47 64 30 54 72 69 31 27 62 48 38
298 38 20 13 64 9 14 50 55 41 4 43 60 71 51 39 28 42 48 38 62 31 68 18 26 6 30 53 29 15 12 3 69 33 54 36 73 52 61 22
124 39 72 1 49 63 25 11 4 10 47 3 2 58 65 21 23 48 70 17 32 44 39 54 77 62 8 6 14 56 45 31 12 51 40 61 71 73 67 52 50
179 39 27 2 7 71 40 52 76 33 68 19 3 18 56 60 21 35 23 57 55 65 73 41 61 4 70 5 67 49 38 26 22 77 75 50 54 51 43 47 29
133 40 47 72 57 71 59 22 24 77 64 35 62 38 37 36 15 61 2 56 34 50 13 45 21 11 70 43 3 65 67 48 49 4 17 5 23 76 28 8 80 30
273 41 31 17 67 16 47 5 18 68 53 38 39 49 8 61 66 4 1 2 29 62 35 77 50 82 24 30 25 51 56 75 71 73 26 28 48 78 11 81 59 65 60
125 41 34 9 82 26 70 80 17 67 38 32 29 35 36 76 41 14 63 10 54 58 6 42 40 13 79 72 65 11 74 49 50 77 28 16 46 4 23 31 22 64 56
331 41 23 75 70 5 9 44 55 64 14 20 32 45 57 24 39 12 3 18 36 40 29 8 25 52 79 17 48 65 81 1 10 26 72 56 61 51 33 13 16 66 30
124 42 14 75 50 17 76 40 72 12 74 53 71 43 37 32 57 8 13 34 46 44 47 51 52 23 70 48 10 1 68 64 36 60 77 9 24 73 38 15 19 65 63 21
298 42 39 36 26 14 68 15 47 76 79 64 41 27 73 56 62 61 9 40 69 44 82 43 12 7 32 65 2 18 16 45 63 49 8 34 67 20 48 38 72 29 58 5
154 42 57 46 44 6 8 78 58 22 25 3 30 39 10 34 17 77 84 26 65 66 52 13 59 45 61 47 72 9 23 82 42 68 64 53 51 73 19 41 69 56 36 31
194 44 73 20 70 62 50 3 9 75 33 2 71 77 28 53 47 69 83 14 21 78 34 5 31 51 13 23 11 38 57 25 8 87 35 59 36 72 61 4 48 30 55 86 15 37
236 44 5 65 3 35 12 6 72 45 18 54 57 40 77 42 88 71 16 86 24 14 63 31 21 13 2 50 22 66 17 27 39 51 48 59 32 79 37 43 26 41 10 69 76 23
186 45 82 83 42 89 68 49 67 61 29 79 19 26 14 69 81 7 52 5 43 16 2 78 59 54 62 41 85 45 84 40 25 22 6 55 71 86 13 8 88 21 32 11 1 20 12
299 45 84 5 29 79 64 51 4 54 13 22 48 1 72 73 31 47 58 6 10 24 46 8 57 40 20 55 19 12 86 59 77 9 53 52 88 25 28 70 7 49 50 83 18 32 89
167 46 13 48 73 47 34 80 56 38 84 59 18 55 52 69 27 68 28 2 42 8 70 12 85 66 16 1 22 36 46 11 77 39 24 78 50 82 71 25 64 6 29 72 49 33 3 15
108 46 14 67 21 11 73 5 68 31 38 3 20 51 50 48 22 39 82 69 16 49 35 78 53 7 37 8 65 72 80 92 76 12 66 23 83 45 75 41 61 36 34 4 10 91 29 52
81 47 91 72 57 10 18 38 93 63 5 64 52 32 44 43 61 51 8 82 40 9 50 59 25 7 30 14 70 33 80 26 4 45 35 74 27 94 15 78 21 34 11 48 13 49 29 28 62
280 47 60 70 62 27 85 25 56 26 23 22 32 54 80 45 66 79 84 40 4 46 76 17 35 12 71 49 33 38 21 14 18 15 10 86 67 75 65 77 82 2 28 57 6 8 63 29 53
184 48 41 55 72 85 34 59 95 54 45 22 5 91 83 19 67 50 3 43 56 79 44 87 6 84 71 12 52 96 35 15 14 78 80 39 37 7 90 47 69 92 65 70 58 10 42 11 93 57
496 49 30 42 6 63 46 58 48 68 67 26 95 35 54 75 7 12 73 4 94 98 1 3 55 37 86 76 49 44 62 23 2 77 79 38 50 83 14 84 21 36 5 96 56 93 31 34 51 72 28
233 50 77 37 30 22 68 31 32 100 65 55 91 19 1 20 94 90 34 51 50 86 42 81 61 53 18 10 29 88 27 84 92 5 38 80 48 49 85 35 4 58 52 64 14 6 70 46 62 15 56 78
103 50 60 95 87 63 11 10 30 37 59 58 5 31 79 40 39 23 43 99 54 26 48 6 83 96 77 94 29 72 46 32 78 36 71 47 76 51 56 24 13 25 52 45 28 82 41 44 80 35 100 19
116 52 40 99 73 49 65 14 44 42 63 79 84 22 104 31 5 75 19 61 28 15 48 58 87 91 72 86 17 85 36 80 97 35 66 95 23 11 30 96 39 47 59 93 74 62 89 94 8 34 71 6 64 88
284 52 4 90 34 46 82 61 3 28 96 68 43 57 27 81 31 70 87 49 64 14 98 17 99 72 101 77 65 29 67 63 40 24 93 53 51 103 85 38 10 76 22 97 69 33 88 8 6 86 95 58 83 13
148 54 10 72 89 94 43 40 26 75 59 27 62 8 82 19 14 21 23 29 71 20 11 69 41 77 4 7 2 12 56 68 63 3 90 102 73 83 101 67 39 1 95 64 96 37 34 52 108 16 70 81 48 15 13 6
168 55 103 89 74 99 71 46 31 92 95 77 80 19 101 107 67 97 45 5 14 50 10 48 61 21 13 40 58 109 78 55 98 75 35 54 15 68 76 59 6 3 49 96 110 53 25 12 66 11 44 8 94 73 47 18 28
184 56 27 52 106 41 17 89 101 69 76 8 94 95 54 35 44 73 77 86 21 34 16 68 23 58 24 87 5 66 93 50 104 102 33 67 42 26 65 20 78 80 49 99 81 9 18 79 103 100 70 1 90 110 39 98 2 112
125 58 96 45 59 77 108 52 38 8 20 79 97 82 30 39 42 87 102 74 78 28 116 23 50 93 60 89 65 35 27 76 67 34 2 22 90 10 57 26 95 13 64 17 111 107 73 94 51 69 103 5 66 75 91 83 99 62 14 12
69 60 4 10 109 48 103 47 65 61 23 108 67 107 12 58 94 66 14 118 115 21 37 34 55 106 60 113 38 39 56 101 87 84 102 30 79 63 7 44 28 17 32 88 1 6 27 50 77 9 89 33 46 119 110 82 99 13 15 74 40 112
488 62 1 42 86 14 115 26 49 81 39 124 59 108 106 80 76 104 99 119 40 3 69 109 56 70 62 89 94 55 90 5 102 51 96 121 11 103 27 64 67 15 12 71 53 48 116 91 16 4 29 20 75 92 78 45 73 9 118 47 101 72 32 54
303 64 109 68 16 17 93 81 34 98 41 21 66 38 79 110 35 58 122 70 31 90 59 57 24 2 47 60 120 19 100 67 65 51 128 121 96 5 72 54 105 20 103 126 82 119 28 32 42 39 113 114 55 26 18 127 74 7 95 30 78 83 91 6 33 12
206 66 4 31 98 84 91 55 24 14 111 5 39 45 78 43 9 104 125 67 122 11 53 123 103 82 72 63 37 40 93 20 23 57 49 64 28 26 88 80 69 12 56 46 96 101 25 18 81 29 109 76 1 51 33 121 61 108 65 102 17 15 107 68 47 3 119 116
362 68 121 80 70 109 69 103 35 67 128 23 54 29 22 46 5 57 116 94 122 25 58 111 63 56 127 113 81 134 90 98 132 97 38 62 95 75 108 100 37 115 61 13 45 55 11 104 78 96 133 60 84 68 51 4 47 71 87 85 120 3 79 124 49 129 10 89 30 136
155 68 30 106 92 69 129 118 19 28 79 2 22 128 20 71 97 36 35 8 77 78 18 76 15 11 38 40 48 121 113 5 39 81 115 59 93 66 89 122 72 133 103 68 75 111 29 70 46 120 104 57 127 82 26 10 101 43 130 3 49 63 107 94 60 64 102 119 73 45
191 69 117 119 34 91 129 18 63 42 55 101 87 3 30 31 66 9 58 41 35 12 38 74 122 73 138 112 49 67 127 48 24 137 45 33 115 59 126 20 65 51 98 114 14 11 104 28 78 96 54 105 2 84 10 64 6 37 68 25 81 132 77 22 60 69 82 109 88 107 21
166 70 108 48 134 114 61 83 88 69 133 60 19 27 137 119 49 128 94 21 107 130 74 63 29 111 52 8 2 112 127 38 82 99 56 86 12 73 102 121 41 6 125 67 123 139 42 35 71 87 101 7 51 93 132 113 109 31 92 96 23 104 72 50 131 13 106 76 58 14 98 36
413 70 14 126 120 72 99 64 104 109 73 54 106 39 17 124 13 52 77 98 111 87 59 1 12 113 114 96 27 139 91 74 89 105 130 18 82 57 11 61 76 33 37 7 47 129 93 42 25 46 132 10 8 118 140 19 49 80 65 60 23 79 43 92 32 40 28 127 83 90 110 107
470 70 72 16 19 135 4 108 46 84 90 85 11 96 88 25 66 83 40 32 76 80 129 48 98 106 123 56 22 39 131 29 6 113 23 110 64 28 87 62 95 130 93 121 47 82 57 111 67 100 78 35 140 9 55 63 105 120 15 5 128 38 134 26 126 101 14 112 99 119 42 10
403 71 20 83 69 100 72 90 103 142 92 50 84 13 33 124 138 29 75 77 28 95 78 30 35 15 88 66 27 98 129 9 115 34 96 122 16 128 36 123 26 71 2 3 65 23 139 118 60 74 137 59 125 8 91 87 102 63 121 97 21 42 52 120 49 38 41 105 6 53 79 17 70
662 72 97 121 99 137 17 5 63 66 67 25 115 140 52 132 49 57 51 98 138 43 2 113 83 76 26 18 112 31 64 59 126 72 105 101 116 134 133 111 80 11 127 13 85 87 109 33 32 108 139 89 9 21 54 14 50 135 3 69 53 122 10 88 95 124 55 19 44 110 68 90 94 96
482 74 116 72 58 11 124 126 25 115 36 74 137 118 91 55 35 142 98 112 13 71 47 147 52 64 79 85 97 62 7 133 117 42 134 108 122 14 26 82 109 106 66 6 130 60 54 105 129 131 102 46 16 132 119 57 138 21 23 65 31 39 92 18 15 61 19 29 103 70 53 40 10 38 49 86
168 74 56 80 114 36 32 3 144 135 130 84 107 136 67 15 126 26 100 83 7 29 14 116 85 74 31 96 143 10 81 112 105 69 64 68 72 137 55 8 99 5 66 111 70 113 11 98 93 25 17 43 117 106 132 65 125 78 91 21 118 39 122 94 141 51 59 79 131 49 2 73 129 20 104 41
279 75 135 43 134 16 116 25 95 44 120 27 34 127 131 129 123 98 79 84 100 105 14 15 46 37 137 99 104 45 23 47 128 101 20 109 113 77 41 48 111 7 81 38 125 49 148 130 150 103 9 93 90 21 75 115 69 13 78 65 106 28 122 6 63 102 82 126 146 19 83 30 40 147 52 17 4
386 77 84 78 97 51 120 6 53 130 118 40 67 110 31 15 128 147 41 86 18 71 132 99 45 79 74 38 60 92 9 119 32 83 80 73 62 145 26 152 48 47 52 93 134 2 12 21 129 91 33 59 105 3 148 35 109 17 136 89 98 82 42 43 50 55 14 69 87 19 137 117 131 49 68 125 103 81 11
850 78 71 152 12 110 70 107 87 16 111 127 128 112 7 26 46 74 61 135 154 77 42 117 65 2 120 129 121 50 21 25 44 54 83 105 119 39 37 94 108 99 3 38 27 140 48 75 40 59 145 76 118 20 95 98 122 81 35 126 130 6 148 36 149 123 109 51 134 147 22 63 32 86 156 144 66 47 56 57
587 79 150 130 79 113 129 105 122 124 54 76 25 58 134 116 10 86 15 126 71 145 9 62 110 38 33 73 99 20 49 114 6 100 157 27 109 146 13 135 119 65 125 156 108 120 51 148 17 75 52 104 89 94 137 46 11 91 80 140 16 103 21 57 45 14 158 154 81 28 68 41 106 72 44 3 7 74 139 61 83
281 80 112 32 137 110 13 69 90 148 124 156 93 102 132 20 123 76 6 71 98 79 56 153 133 145 142 74 36 3 66 140 22 75 135 77 96 68 33 84 42 101 10 60 157 63 151 61 100 25 91 114 50 136 104 160 2 45 41 143 58 24 51 116 89 81 149 95 21 57 38 107 117 15 130 120 52 83 23 159 115 5
377 82 67 35 92 111 44 151 13 130 106 147 120 134 101 138 54 14 158 104 32 99 37 26 43 142 122 80 81 65 40 7 98 95 6 140 12 100 93 8 49 53 4 55 83 28 127 131 87 75 152 145 116 1 85 118 10 110 88 69 38 78 63 42 22 19 25 41 123 23 159 113 70 108 17 50 71 153 72 30 51 136 34 59
310 83 51 102 28 120 107 135 113 166 129 1 13 5 12 123 108 36 134 133 2 91 69 164 82 20 39 79 29 114 70 40 52 138 33 31 17 49 4 85 56 89 124 53 119 64 127 158 83 159 72 128 101 130 154 3 112 109 88 84 93 148 97 98 162 155 27 23 41 62 47 125 90 11 152 81 26 78 15 71 24 68 115 143 59
603 83 68 19 96 142 62 25 12 13 132 88 70 29 103 11 122 8 5 90 159 80 40 101 138 161 16 41 94 148 95 63 136 77 3 150 121 57 102 14 91 15 130 104 111 131 125 66 44 105 116 30 61 76 18 140 124 115 166 145 164 34 134 47 58 162 69 85 163 112 67 149 98 33 75 53 143 155 154 158 64 24 89 49 129
518 83 55 26 23 86 131 125 54 59 49 135 43 80 6 41 25 105 46 155 129 145 124 48 142 123 107 28 100 31 114 66 122 156 77 15 158 71 2 47 110 44 81 117 65 67 73 99 148 157 94 27 3 12 79 113 96 126 17 58 63 92 154 20 72 93 34 19 116 42 62 29 8 153 149 53 102 128 37 83 90 10 38 109 151
621 83 9 17 128 24 22 114 92 51 132 5 86 34 47 25 154 143 18 70 125 11 78 41 77 28 60 56 37 35 39 158 109 71 157 68 131 85 119 8 20 2 61 99 12 156 97 141 135 151 98 159 162 55 122 121 163 104 48 145 76 106 108 152 93 91 59 129 30 94 7 110 117 90 124 83 57 69 139 64 166 27 140 54 58
306 84 45 144 93 41 124 58 99 5 145 42 146 132 129 125 8 13 38 104 69 152 113 74 72 34 148 76 85 62 70 60 4 19 90 115 128 49 117 156 25 154 35 126 160 135 121 68 122 96 110 114 71 102 162 123 153 24 18 53 138 155 88 10 16 108 86 46 27 6 47 23 133 92 168 65 83 77 119 3 1 161 167 48 33 95
455 86 149 28 157 65 23 62 22 160 26 48 54 98 127 105 68 139 27 151 118 156 69 159 53 43 32 18 77 129 63 70 155 16 64 46 138 57 172 90 115 142 29 140 55 147 87 12 103 8 141 21 96 78 150 99 163 133 162 38 47 49 122 154 161 34 83 4 108 1 71 112 167 136 36 153 94 144 104 45 44 52 74 82 158 35 42 93
257 88 171 147 151 163 14 8 51 109 153 134 43 26 69 114 61 59 75 142 169 28 54 40 137 149 34 94 101 74 17 5 110 49 39 37 113 20 102 111 90 152 128 72 125 53 165 156 108 98 46 146 35 162 12 95 130 7 133 30 76 19 85 29 132 73 97 60 103 6 31 79 150 15 96 148 161 117 119 81 32 66 25 140 71 44 107 105 23 47
430 88 13 144 169 133 131 2 175 77 165 146 81 67 42 80 85 116 130 107 20 157 173 114 16 145 84 104 119 139 15 54 158 171 163 18 98 124 101 30 48 37 4 39 164 41 44 102 125 71 59 3 155 129 162 142 134 47 73 55 23 33 176 96 148 153 154 151 103 29 46 79 62 75 128 115 138 150 117 61 168 99 93 141 174 94 50 160 65 68
660 89 85 168 82 54 55 111 122 23 52 169 80 139 59 98 2 86 150 43 20 131 109 53 170 60 68 155 70 115 135 156 7 94 63 64 77 44 99 161 38 58 151 106 13 105 14 74 144 178 4 24 5 41 35 133 66 51 141 39 84 40 126 79 95 173 157 33 147 46 176 146 47 116 120 90 154 1 93 91 125 72 15 65 171 17 73 42 127 89 162
744 90 133 89 36 84 175 152 92 166 47 100 127 61 102 90 106 40 49 17 22 148 156 146 122 164 136 91 42 155 116 119 139 24 55 178 31 163 120 142 6 39 129 162 123 26 169 83 173 170 171 79 107 62 121 72 23 46 64 65 3 1 60 8 78 45 43 25 51 30 28 76 69 20 34 126 141 147 81 104 172 73 157 35 153 138 15 4 180 93 68 98
421 90 87 76 79 64 145 140 137 77 103 52 159 61 117 170 152 8 81 154 25 98 83 135 12 97 27 41 28 58 72 26 92 17 1 35 125 45 150 3 43 162 55 106 40 57 38 93 89 50 10 75 173 47 100 161 5 148 85 147 20 174 39 115 74 160 96 172 32 167 53 138 118 78 101 16 114 155 180 144 164 94 102 30 24 151 157 60 171 104 68 59
822 90 58 49 159 26 33 116 81 146 51 68 45 10 119 21 34 114 104 141 156 16 61 149 24 83 90 117 136 131 36 56 105 12 127 157 175 151 86 180 107 64 94 148 124 17 103 142 167 134 140 66 98 138 143 53 145 112 6 170 25 113 101 60 70 76 118 125 7 147 154 126 102 115 95 71 89 163 97 73 162 152 40 84 155 173 48 67 85 75 15 91
820 91 106 44 39 74 32 109 93 31 153 48 64 129 94 26 37 148 72 9 63 154 5 163 155 112 59 27 55 142 171 161 11 162 21 24 57 35 103 111 132 34 175 46 73 160 123 97 108 43 104 96 121 176 181 95 110 23 150 29 30 173 139 84 127 105 134 86 172 54 58 14 79 25 83 80 120 124 91 92 51 130 78 174 36 180 49 99 102 141 8 47 61
358 92 97 124 42 129 132 158 110 177 67 100 173 22 104 56 31 39 87 98 161 184 164 60 89 130 36 99 147 29 92 44 59 14 35 10 169 45 138 108 175 16 9 122 17 77 151 145 3 21 30 155 120 118 148 8 96 167 12 154 141 183 47 54 1 19 78 70 2 5 34 163 88 176 57 86 65 82 41 116 33 55 134 125 156 136 84 146 4 90 172 119 64 123
221 93 27 28 11 32 21 52 164 183 106 152 1 20 121 162 86 49 6 75 160 9 140 46 156 135 31 4 93 73 170 48 167 185 5 144 178 131 141 18 76 96 36 154 54 136 17 108 82 83 139 59 84 158 165 85 151 77 99 23 102 107 105 175 100 64 117 180 97 35 133 63 184 47 104 71 126 120 95 122 186 26 44 72 24 45 110 155 98 12 118 103 127 94 69
516 93 184 152 119 179 91 76 123 61 150 162 148 108 105 153 79 183 171 147 87 51 166 50 128 134 143 5 70 93 45 97 12 85 62 154 95 41 49 177 23 55 126 99 149 26 146 180 110 16 111 24 98 113 114 139 21 29 178 71 145 172 141 38 74 142 30 64 73 4 72 14 13 101 1 125 86 80 151 7 118 37 39 31 115 155 2 35 176 170 163 65 158 144 175
761 93 182 40 100 94 181 46 168 57 186 130 134 36 83 21 170 98 158 146 118 56 131 18 106 128 16 84 161 61 72 9 75 14 133 92 141 144 167 31 80 156 49 112 17 124 172 41 135 66 87 23 76 44 175 132 52 149 177 67 51 54 12 5 85 138 180 20 107 11 108 171 2 123 47 34 13 82 160 137 111 143 62 24 29 91 117 8 10 27 104 15 126 185 122
368 94 117 69 62 130 63 40 73 175 46 19 146 43 184 68 82 172 106 153 57 144 178 148 176 101 127 55 137 95 136 81 133 181 70 147 77 8 50 156 18 114 186 78 65 115 132 160 109 173 34 30 67 179 7 171 28 1 129 125 131 139 16 20 94 88 119 103 121 4 162 61 164 145 41 140 22 5 74 174 60 110 39 51 120 123 79 151 14 154 97 86 122 58 116 13
494 96 104 11 74 69 120 60 114 55 17 157 35 1 136 92 108 40 178 45 141 50 129 176 13 68 121 182 51 167 41 173 131 156 192 37 36 119 180 26 47 103 99 63 53 9 158 77 135 138 171 166 147 189 165 43 160 168 34 162 179 10 78 70 24 118 61 105 75 67 159 64 153 80 31 29 185 177 96 170 2 71 62 72 132 111 54 169 151 85 81 123 19 190 73 12 91 25
741 97 91 24 61 190 14 89 181 42 1 36 166 117 27 182 150 161 158 62 21 55 170 52 31 137 143 93 151 126 69 128 53 175 104 37 100 185 39 51 110 144 34 165 23 119 92 45 13 49 187 16 86 29 20 44 60 180 63 154 172 26 46 134 171 163 98 169 88 3 164 189 11 90 67 129 109 153 41 32 135 70 121 191 81 97 176 142 57 35 18 19 8 131 168 155 162 76 192
168 98 108 83 179 41 10 44 23 130 95 178 137 107 191 182 20 184 43 39 115 121 172 67 163 65 143 7 88 24 76 66 135 132 72 93 16 180 37 2 106 40 190 34 25 98 124 166 86 80 73 148 177 99 13 141 170 145 129 169 94 149 28 21 105 181 164 116 151 104 161 160 4 27 112 126 120 18 186 155 32 158 45 15 118 114 123 147 29 12 3 146 187 196 159 61 173 36 113 38
433 100 39 44 197 97 9 179 129 145 141 151 79 59 83 96 199 68 120 147 125 17 63 126 15 194 184 183 14 168 38 26 92 89 72 50 99 159 36 138 178 35 116 182 160 46 102 20 74 127 23 139 43 104 135 62 172 58 149 185 108 161 57 132 148 84 30 103 94 119 55 115 25 152 80 53 95 37 198 123 173 169 19 32 70 133 106 191 60 153 142 112 16 175 143 81 33 76 40 98 122 85
298 100 46 127 185 152 24 41 4 26 117 28 13 105 53 54 47 115 172 114 29 87 51 18 38 149 88 70 174 71 126 17 66 133 155 119 106 107 134 113 8 68 32 181 143 196 81 7 14 110 62 122 91 58 198 104 45 112 96 64 72 82 92 193 138 179 93 163 42 59 102 161 60 19 182 97 137 139 109 151 128 178 200 9 184 37 116 55 183 187 186 131 147 30 33 34 135 173 162 160 44 101
390 101 27 138 199 180 147 48 74 128 152 47 170 58 100 132 7 9 158 94 66 52 116 17 26 106 172 160 75 190 191 139 197 35 23 11 55 16 77 91 19 83 95 141 150 92 133 8 201 99 43 202 32 14 90 12 41 102 57 10 185 165 24 54 40 162 86 135 167 129 39 166 143 192 189 73 108 110 188 136 31 87 67 2 183 111 113 20 118 85 22 107 117 38 194 181 18 184 149 70 37 59 144
511 102 104 63 25 73 147 90 57 139 129 45 75 106 78 100 23 186 153 107 175 181 110 84 161 31 81 158 98 102 22 69 152 169 203 108 80 38 113 11 13 85 2 48 143 42 95 65 138 114 60 185 40 141 125 173 118 149 116 99 41 160 178 137 150 148 15 34 83 14 174 168 163 131 89 122 121 127 5 156 197 177 133 123 21 72 51 135 189 53 136 59 26 54 183 94 134 20 159 66 35 142 201 92
