int 10 18 10 12 9 4 7 1 3 6 5
double 12 3.94 1.32 4.92 0.77 9.28 3.3 9.27 8.68 1.94 2.56 3.02 6
double 13 0.99 4.37 1.74 6.19 2.09 0.67 4.48 3.59 0.45 9.97 4.43 0.87 7.99
int 14 79 89 91 58 57 36 55 54 53 67 97 67 65 91
int 15 65 42 23 2 40 32 28 25 3 8 6 43 9 3 42
double 15 8.09 8.65 9 2.99 6.07 7.59 0.14 0.74 0.03 2.36 2.57 6.96 9.18 1.94 0.99
bool 17 0 1 0 0 0 0 0 0 1 1 0 0 1 1 0 1 0
double 17 0.85 9.81 4.52 9.88 5.41 4.63 1.41 4.4 5.7 5.46 4.85 1.96 8.36 3.63 6.25 6.97 6.95
int 18 57 74 22 14 62 36 26 89 96 24 61 41 86 89 29 88 83 51
bool 19 1 1 0 1 0 1 1 0 0 0 1 1 0 1 0 0 1 0 1
char 20 b e f c n d q s o i d t c d k t m r m c
double 20 4.78 5.99 9.17 8.94 6.6 5.34 4.18 3.63 5.15 9.15 6.23 4.58 2.95 9.13 9.38 8.6 7.09 8.68 2.16 3.72
bool 20 0 0 1 1 1 0 1 1 0 0 0 1 1 0 1 0 0 1 0 1
char 20 a e o p d j g f d r m b s e c l a g k d
int 21 32 41 66 32 24 63 71 6 78 31 9 90 95 11 76 6 93 30 79 2 85
char 22 g b f e q o r p p g e l l a q t r r j d c f
double 24 7.78 3.64 2.32 6.54 7.02 8.85 6.15 5.35 7.26 1.42 8.65 4.68 6.22 7.68 6.06 1.28 5.15 7.62 7.72 6.95 0.63 7.77 3.46 6.76
bool 24 0 0 0 0 0 0 1 0 1 0 0 0 1 0 1 0 1 1 0 0 0 1 1 1
char 25 e n e h p t n g f l s j k j h m o e k n l i e s i
bool 25 0 0 1 0 1 1 0 1 0 1 0 0 0 1 1 0 1 0 1 0 0 1 1 0 0
char 26 b e m h e e q o h i i e h p m q r f e o i n d k e k
char 26 e f t e p g t k a k b e j h c k e d a e i h b a c e
double 28 2.69 5.48 0.53 2.59 3.79 6.81 9.6 7.11 5.68 1.86 0.34 1.96 0.77 1.55 8.11 6.62 9.3 4.62 0.26 7.91 6.66 8.88 6.95 9.93 0.18 1.45 7.52 1.03
double 29 9.56 0.72 0.36 5.78 3.73 5.25 9.92 1.65 5.89 0.4 6.67 8.22 3.33 0.98 6.44 2.2 3.24 3.22 4.58 4.46 7.33 6.1 1.35 0.08 4.73 4.59 3.71 5.11 3.81
bool 30 1 0 0 1 0 0 1 1 1 0 1 0 1 0 1 1 0 1 0 1 1 1 0 1 1 1 0 1 0 0
int 31 61 58 9 63 42 87 16 35 71 64 28 32 85 44 78 47 6 79 78 73 12 27 62 51 48 84 71 42 37 25 11
bool 32 1 0 1 1 0 0 0 0 0 0 1 1 0 1 0 0 0 1 1 1 1 1 1 0 0 0 1 1 0 0 1 1
int 32 38 80 24 29 49 28 26 8 2 8 85 58 42 64 15 78 19 14 27 55 61 3 61 89 51 27 97 29 11 4 83 86
int 33 91 84 26 73 3 21 34 77 34 78 74 98 36 75 85 49 49 98 50 71 75 8 4 5 46 65 66 91 64 74 18 16 57
int 33 8 34 95 67 92 60 63 93 52 23 26 5 62 19 33 61 41 56 24 42 20 49 26 23 5 99 69 68 29 20 3 18 44
double 34 2.78 4.97 5.27 6.78 3.68 3.53 6.67 2.35 1.34 8.11 0.87 3.61 8.64 4.95 0.13 6.66 7.81 6.14 6.01 3.47 4.84 2.7 9.45 1.68 8.03 2.78 3.53 6.38 4.22 6.02 5.27 2.8 4.1 2.32
int 37 94 9 2 18 98 60 4 22 24 16 57 2 21 17 69 77 12 21 18 81 28 90 95 43 26 8 34 48 32 22 44 71 73 22 85 84 14
char 38 k m n m l c n k r f a g d e c h r f h p i t t r c h l l j j t b i f r f n c
int 38 37 5 47 61 31 56 20 74 32 46 68 76 58 99 75 45 9 73 43 77 37 80 76 66 26 19 66 96 70 83 47 69 37 69 32 67 4 56
int 39 63 34 30 70 14 41 17 60 9 49 72 33 61 42 16 32 99 58 38 14 66 27 99 64 16 56 59 29 92 35 22 51 91 96 33 52 52 58 43
double 41 3.34 3.63 1.99 1.41 3.84 4.19 9.71 0.77 8.28 0.84 7.75 7.02 0.79 0.4 4.77 2.44 9.58 4.51 2.48 6.77 0.19 3.96 6.43 3.81 5.27 5.83 0.92 9.68 3.51 7.31 5.29 5.92 8.13 1.46 2.33 1.9 4.99 8.99 1.54 8.59 1.51
double 41 6.48 3.9 1.02 0.03 6.64 2.42 1.3 8.74 5.84 8.63 2.51 6.93 8.07 2.04 3.93 2.18 1.84 9.32 0.62 9.01 0.17 1.09 5.95 3.14 6.69 1.23 7.6 2.24 3.36 7.94 2.14 3.5 6.22 1.22 3 7.49 5.58 0.5 4.18 1.04 9.06
char 42 r l t r h t k j k i g e e l j a s n n b c l k r o m l f d h s t r q c l h n c m o a
bool 43 0 1 1 0 1 0 0 1 0 1 0 1 1 0 0 1 1 0 1 0 1 1 1 1 1 0 0 1 1 1 0 0 1 0 1 0 0 0 0 1 0 1 0
bool 43 1 0 0 1 1 1 0 1 1 1 0 0 1 0 0 0 1 0 0 0 1 0 1 1 0 0 0 1 0 1 0 0 0 0 1 0 1 1 1 0 1 0 1
bool 44 1 0 0 0 1 1 0 0 1 0 0 1 1 0 1 1 1 1 1 0 1 1 0 0 0 1 0 1 1 0 0 1 0 1 1 1 0 1 1 1 1 0 0 0
bool 46 0 0 1 1 0 1 1 1 0 1 0 0 0 0 0 1 1 1 1 0 0 0 1 0 0 0 1 1 0 0 1 1 0 0 0 0 0 1 0 1 0 0 1 1 0 1
bool 47 1 0 1 1 0 1 1 0 0 0 1 1 0 1 0 1 0 0 0 0 1 0 1 1 1 1 0 1 0 0 1 1 1 0 0 1 0 1 1 1 0 1 0 1 1 0 1
char 47 d l t j j o h a b r t g l b m r q l l c s m t j l q t n m k i r k r p c h h c t g k c g t g n
char 48 h c o r f d d p i s r o r p e f h h d i g l r l l d n a b h e i j m j g h m j c o b j r j j m q
bool 49 1 1 0 0 0 0 1 0 0 1 0 1 0 1 0 1 0 0 0 0 0 1 1 0 1 0 0 1 0 0 1 1 1 0 1 0 0 0 0 0 0 0 0 1 0 0 0 0 0
char 50 c i f c p o i e e p i h t m f g d j l e l s e t m e k t t e s r o j k r q j n c d q c a n m m q q f
char 54 a r o a m h k p p g l d p k l g q a c d e p i g l j r h j k t n o b s k b l o q e o m n h h n e f g l k o a
char 56 q h f q a o g c i s i o r s a s n q n d e o q p h o c e d o t t g s o r j s m a k f f c p s a a b g t c e j o h
double 60 8.91 9.99 5.97 1.43 2.86 1.13 4.08 6.27 4.31 5.39 4.02 9.85 4.83 8.39 1.5 8.43 0.09 0.8 2.05 8.21 9.57 7.55 8.88 8.03 2.8 3.2 3.24 1.79 9.07 0.94 4.82 4.45 1.35 8.86 8.97 5.54 9.96 4.88 8.59 5.83 0.69 3.63 7.52 1.91 6.91 3.52 8.2 0.79 7.93 5.06 9.37 1.71 8.44 0.08 1.97 8.19 2.27 7.85 4.47 5.55
bool 60 1 1 0 1 1 0 0 1 0 1 1 1 1 1 0 1 0 0 0 1 1 1 0 0 1 0 0 0 1 1 1 1 0 0 1 0 1 1 1 1 1 1 1 1 0 1 0 0 1 0 1 0 0 0 1 1 1 1 1 1
bool 64 0 1 0 1 0 0 0 0 1 1 0 1 0 1 1 0 1 0 0 1 1 0 1 1 1 0 0 0 0 1 1 1 0 0 0 0 1 0 1 0 1 0 0 0 0 0 0 0 1 1 0 0 1 0 1 0 1 1 1 1 1 1 1 1
char 65 d t j t t k c p b d t q o p g f f g j m d r k k m a i p m f s q h i q l t p j n f p e t b i r d t b k m a a r f p e j t f e b j l
bool 66 1 0 0 1 1 1 1 1 1 0 0 0 1 1 0 1 0 1 0 0 0 0 0 0 1 0 1 1 1 1 0 1 0 0 1 1 1 0 0 1 1 0 0 0 1 0 0 1 1 1 1 1 1 0 1 1 0 1 0 1 0 0 1 0 1 1
bool 66 0 1 0 1 0 0 0 1 0 1 0 1 0 1 0 1 1 0 0 0 0 1 0 0 1 1 1 1 1 1 0 1 0 0 1 0 0 0 0 0 1 1 1 1 1 1 0 0 0 1 1 1 0 1 0 0 0 0 0 1 1 1 0 0 0 0
double 67 7.29 9.81 5.52 1.85 2.53 8.23 1.93 3.6 8.71 5.61 2.04 5.38 2.56 2.5 7.42 9.14 8.1 7.39 0.21 4.91 0.58 7.82 4.65 8.73 6.64 2.78 3.41 4.31 5.69 6.01 5.09 4.44 8.56 8.38 5.12 6.93 8.01 0.09 8.22 4.8 6.54 5.09 6.03 7.15 0.34 0.91 0.25 9.14 0.78 3.58 3.9 4.68 1.46 2.63 8.54 3.54 6.05 0.13 7.07 9.16 0.13 4.37 7.08 2.32 2.18 1.43 9.13
double 67 5.25 3.39 3.61 7.66 2.57 4.82 7.41 0.68 9.59 6.36 8.05 1.24 2.19 9.77 4.38 1.72 2.39 4.05 9 1.54 8.1 2.27 9.67 7.44 2.17 1.45 0.89 2.66 4.87 9.95 0.57 3.21 7.91 3.45 5.36 2.98 7.52 3.79 4.51 3.47 0.62 4.85 2.5 8.42 7.03 0.11 6.54 5.45 9.03 7.53 4.83 0.63 1.36 0.9 4.82 5.5 3.78 1.03 2.65 2.13 6.31 9.31 4 3.49 3.49 1.57 5.1
char 71 f p h s i q q q q k j d p d f k a r q q i c s g h g l c b a p n j g c q o m e j p b q a h b d c g i n f a m m m a b o m p j b d l k t a a l r
bool 71 0 1 0 0 0 1 1 1 0 1 1 0 0 0 0 0 1 0 1 1 0 1 0 1 0 1 0 0 1 0 0 1 1 1 1 0 1 0 1 1 0 1 0 0 1 1 1 0 1 0 0 0 1 1 1 1 1 0 0 1 1 1 1 1 1 0 0 1 1 0 1
char 72 r h m i t m l n c k g g b i s b o d b k q q t g k j c s e e p j r e c a g f e g e s j f m e c t q d r c j a d g k g o g g a i j o e o l h c i j
bool 73 0 1 1 0 1 0 1 1 0 0 1 1 1 1 1 0 1 1 0 0 1 1 0 0 0 1 0 1 0 0 1 0 1 0 1 0 0 1 0 1 0 1 0 1 1 0 0 1 0 1 1 1 1 0 1 0 0 0 0 0 0 0 1 1 0 1 0 0 1 1 0 0 1
double 75 0.22 6.58 4.45 1.44 1.02 9.94 9.19 3.31 3.33 2.75 5.66 1.43 2.35 1.21 2.56 8.19 0.29 2.64 9.45 1.82 7.71 0.73 0.62 4.59 0.67 4.46 3.8 5.82 1.06 9.17 2.84 8.92 8.5 4.64 8.73 6.72 1.63 4.72 3.88 6.94 7.74 6.59 0.49 4.95 9.37 4.56 4.94 1.75 6.63 0.89 5.52 9.92 5.43 3.73 5.68 9.6 9.26 0.32 5.39 0.83 3.27 9.22 9.92 9.38 7.61 3.41 6.76 2.46 6.5 9.86 4.14 5.71 3.11 6.67 7.43
bool 78 1 1 1 1 0 1 1 1 0 0 1 0 0 0 1 0 1 1 1 0 0 1 1 1 0 1 0 1 0 0 0 0 1 0 1 1 1 1 1 1 1 1 0 1 0 0 0 1 1 0 0 1 0 0 0 0 1 1 1 0 1 1 0 0 0 0 0 1 0 1 0 1 1 0 0 1 1 0
bool 78 1 0 1 1 0 1 0 0 1 0 1 0 1 1 1 0 0 1 0 1 1 0 0 1 1 0 1 1 1 0 1 1 0 1 0 0 1 1 1 0 0 0 1 0 0 0 0 1 1 0 0 0 1 0 1 1 1 1 0 1 0 0 1 0 1 1 1 0 0 1 0 1 0 0 0 0 1 0
double 79 9.54 2.48 2.5 8.8 7.95 0.61 7.76 0.08 7.08 8.84 4.56 2.73 2.01 3.89 0.27 1.51 0.78 5.27 1.72 5.25 1.36 7.8 8.38 4.71 2.51 0.65 4.53 7.72 9.57 7.62 1.18 8.88 7.24 4.32 6.98 6.63 1.96 2.88 9.12 5.44 8.91 9.58 7.56 9.58 2.86 8.9 0.89 5.76 1.1 5.55 8.54 4.81 8.33 4.96 2.21 1.7 0.7 0.92 9.98 4.25 9.79 8.43 5.4 9.57 7.21 2.6 6.27 1.01 0.54 1.88 5.6 3.33 3.95 9.66 2.16 2.73 5.25 7.14 1.66
char 79 p i c r g e p o h o q c e j l a o m q o f d r k k b e p m a g s i b r k p m t j m t i h o j j k t m n p n i r p e f n r b s i l l d f g d m a b i j i d p r d
double 80 8.02 2.68 0.2 5.73 6.52 9.86 7.67 9.71 7.52 0.36 1.89 9.85 5.01 6.51 9.8 8.93 6.2 3.15 5.59 6.58 3.83 8.67 2.29 5 8.63 4.16 0.52 3.29 4.52 9.25 7.66 7.8 1.83 7.76 7.78 0.58 9.41 9.73 0.76 5.51 4.37 4.43 3.16 0.45 6.11 7.71 8.02 3.93 7.34 2.49 1.74 3.42 4.78 8.57 1.54 2.26 5.3 2.74 6.61 6.96 7.03 3.94 2.48 0.71 8.27 6.34 2.83 2.69 1.5 3.19 2.15 7.61 9.71 7.91 2.82 9.35 0.45 0.32 3.32 9.14
double 81 7.66 4.16 0.11 7.32 6.45 3.91 8.45 8.9 2.66 7.05 0.21 8.01 6.34 3.74 8.95 0.09 6.16 0.9 1.19 6.84 8.5 8.23 1.04 7.17 6.11 0.08 6.63 7.41 3.68 3.72 8.88 4.12 2.81 1.05 5.73 6.52 9.59 5.46 8.56 8.89 7.13 3.43 8.13 0.67 4.59 6.47 9.71 8.25 1.1 6.12 0.61 3.52 6.58 0.08 9.86 5.49 0.81 1.84 2.55 8.56 7.03 2.27 1.17 3.14 6.51 9.15 0.17 4.18 0.8 4.51 6.94 6.92 4.2 9.37 1 3.03 7.43 5.88 0.03 5.21 4.52
int 81 53 64 99 29 97 82 80 60 65 5 60 59 33 56 16 24 86 6 34 90 30 91 6 80 78 89 18 21 40 82 20 99 69 15 26 83 23 47 73 65 79 45 73 5 29 13 76 79 9 23 74 25 98 58 59 93 31 82 90 80 20 53 57 9 33 63 68 46 19 92 85 67 67 90 55 20 91 53 88 27 12
bool 81 1 1 0 1 0 0 0 0 0 0 1 0 1 1 0 0 1 0 0 1 1 0 0 0 1 0 0 0 0 0 0 0 0 1 0 0 1 1 1 0 0 1 0 0 0 1 1 0 0 0 0 1 1 1 1 0 0 1 1 0 0 1 1 1 0 0 0 1 0 1 0 1 1 1 0 1 0 1 1 0 1
double 81 2.95 1.73 2.52 9.93 4.26 4.3 8.41 8.01 3.65 5.79 6.65 4.39 3.24 6.49 7.47 4.68 2.15 6 9.39 8.12 9.81 0.59 7.13 5.4 5.93 7.27 6.12 2.53 4.5 1.18 1.63 4.37 4.8 4.43 1.1 4.05 7.19 8.54 1.01 7.55 5.83 4.06 8.57 5.32 6.69 8.43 4.96 5.69 3.6 3.92 8.12 2.25 9.84 8.31 1 0.57 0.45 5.63 8.55 0.89 6.91 2.02 1.58 6.55 2.03 3.41 0.95 1.79 2.55 2.6 4.46 7.99 2.43 3.67 2.69 5.71 0.27 9 6.61 1.49 2.92
char 82 d l f b f c e n g l b a h n o g k e e r n m a k j a g f a n s g g c d s a c e b r i t e b i c t k h b l a o j r l n f p r l d m g q i k b i q f a m j n o r l c f g
bool 82 0 0 1 1 1 1 0 1 1 0 0 1 1 1 1 0 1 0 0 0 1 1 1 1 0 0 0 0 1 1 1 0 0 1 1 1 1 0 0 0 0 0 1 0 1 1 0 0 1 1 0 0 0 1 0 1 0 1 0 0 0 0 1 0 0 0 0 0 1 1 0 1 0 0 0 0 0 0 1 1 0 1
double 82 2.02 8.62 7.72 3.02 8.41 1.72 8.48 4.52 9.33 0.9 8.61 4.49 1.1 4.78 0.4 6 1.13 4.02 1.72 8.55 0.43 5.44 7.94 8.87 2.94 7.06 4.38 9.41 7.37 0.17 9.99 7.89 0.26 5.27 1.52 1.53 3.27 8.92 5.82 1.5 2.23 6.03 7.01 7.32 1.87 5.98 4.2 5.18 1.64 5.06 0.63 8.79 4.2 8.3 5.45 7.15 4.18 0.92 6.6 8.56 1.82 7.26 5.81 5.23 6.03 8.49 5.21 9.88 4.49 3.14 4.5 4.5 3.91 2.6 0.29 7.68 6.94 7.15 6.25 9.56 0.86 5.49
bool 83 1 1 1 1 0 0 1 1 1 1 0 0 0 0 0 1 0 1 0 0 1 1 1 0 0 1 1 0 0 0 0 0 0 1 1 1 0 0 0 0 1 0 1 0 1 1 1 1 1 1 0 0 0 0 1 1 0 0 0 0 0 1 1 0 1 1 0 1 0 1 0 0 1 0 1 0 0 0 0 1 0 1 1
int 84 29 47 16 14 50 71 93 47 57 56 73 8 11 58 3 64 73 1 72 49 76 63 39 26 95 78 42 46 91 84 12 79 47 93 85 17 94 15 80 87 51 73 60 54 85 75 31 89 34 12 19 47 27 92 50 11 43 10 10 29 85 68 79 7 1 75 68 36 19 17 5 39 64 18 88 72 4 39 50 6 26 86 94 37
bool 85 0 1 1 0 1 0 1 0 0 1 0 1 1 1 1 0 0 1 1 0 1 1 1 0 0 0 0 1 0 0 0 0 1 1 1 1 1 1 1 1 1 0 1 0 0 1 0 1 1 0 1 0 0 1 0 1 1 1 1 0 1 0 0 1 1 0 1 1 0 1 1 0 0 1 1 0 1 0 1 1 0 0 0 1 0
char 86 j g p d m s t r p f b p p m l l f k p g c q l n b j s n p o m j o p m h g s q f t h n h n t r e c g q d q r d l r k k e t g a p h d i b h m b j m l h k f i b d j o p c b a
char 86 r j m a h f n i i p q f a m b i j o k l h h i q k p k n b i h r d m l d o b f o k r n h d k j d j b t n q c a d i m g h k q h d i g o f q t r q r h i e r p f h c k j h g s
double 86 0.54 3.59 8.27 3.25 9.62 7.41 0.93 3.53 8.66 4.35 7.4 6.28 2.05 5.28 7.79 2.56 1.53 8.93 6.47 3.09 7.4 2.7 0.11 3.5 6.81 8.16 4.94 0.64 2.18 6.07 8.67 2.2 3.57 3.9 0.78 9.81 6.21 9.33 0.25 1.08 8.77 9.22 9.32 8.14 0.38 9.82 9.89 1.67 3.03 5.8 4.63 2.16 8.55 8.28 9.88 2.91 7.81 3.1 9.08 6.99 5.02 1.51 0.8 7.7 8 5.73 5.15 4 0.8 8.35 9.01 3.95 5.66 7.69 9.62 7.27 8.09 4.28 3.89 8.3 9.55 2.89 9.09 2.85 5.61 6.61
char 87 e a t s o q k o k g o q o t i j o p b e c c d n b j o s c e i t a c n f m l c s j b g a b j i h k d h d p r j s j g f a n j s l a r l d p p l p g h f l g h r t l r g n q b q
int 92 26 90 32 53 2 87 77 93 71 1 64 58 82 57 63 27 48 63 95 38 69 58 69 62 90 32 70 67 86 20 26 53 73 18 35 76 68 88 91 30 82 23 28 34 89 40 79 17 19 73 21 85 82 68 29 46 94 46 69 94 31 1 82 5 94 85 1 15 62 76 60 8 1 88 78 98 77 50 59 2 65 62 82 34 86 34 6 24 2 67 69 21
double 94 1.83 0.54 9.56 1.74 5.81 3.26 1.49 7.26 2.9 6.16 6.05 0.16 3.51 4.29 2.05 8.48 5.26 4.75 8.11 4.07 5.18 8.49 8.48 5.81 2.94 9.21 1.46 8.06 1.95 0.93 2.05 8.74 2.64 0.5 1.48 7.34 6.24 9.7 6.34 9.16 0.75 4.11 2.64 2.82 7.09 2.87 9.88 1.75 3.1 3.99 1.23 1.08 2.94 6.53 3.44 9.9 4.12 7.81 1.43 8.3 9.34 1.59 2.8 7.15 1.72 3 2.74 6.34 1.78 3.93 5.16 4.75 9.71 8.34 2.94 3.02 6.03 5.18 6.41 1.84 6.67 0.77 1.57 4.58 4.22 5.6 2.18 4.69 3.56 7.99 8.1 6.42 6.22 5.36
double 95 6.14 7.08 2.55 2.93 8.78 8.93 3.9 0.6 6.81 4 4.88 7.02 0.5 4.48 6.9 5.93 1.23 5.16 3.27 9.55 3.9 0.8 5.18 3.99 1.76 7.33 6.85 6.42 1.78 3.8 1.47 3.96 1.67 7.84 9.89 5.2 2.04 7.74 6.72 0.92 0.57 7.02 2.86 5.19 2.81 2.51 4.74 2.95 0.8 5.24 1.52 0.93 5.82 6.3 7.17 7.61 2.51 1.82 1.2 0.54 2.63 6.67 4.24 7.2 4.37 6.68 9.68 8.39 1.25 5.5 2.46 4.39 1.22 3.85 3.64 1.04 3.23 5.72 8.91 5.37 5.01 5.41 7.8 6.6 9.25 7.99 6.48 6.44 0.06 1.02 9.53 8.86 1.04 2.31 8.08
double 98 6.02 3.95 8.19 4.28 3.85 6.34 0.02 6.57 7.2 5.97 1.82 2.77 1.25 5.03 0.02 1.91 0.87 5.11 3.06 3.93 7.16 7.66 0.84 6.99 6.62 7.13 4.82 1.53 9.63 2.41 7.8 2.21 8.52 6.28 4.92 3.84 7.39 4.3 1.37 0.88 4.4 0.96 4.7 8.9 4.91 8.99 9.72 6.26 3.33 5.21 9.53 7.88 2.25 7.27 8.82 8.12 5.39 9.76 3.86 6.89 9.87 2.62 4.29 0.49 7.54 3.42 7.46 7.54 9.89 1.05 8.94 6.74 4.34 5.73 3.44 2.89 2.45 8.93 9.29 3.49 7.07 8.03 8.1 7.3 2.51 5.39 8.34 3.35 3.6 0.06 6.7 0.47 9.24 9.8 5.1 1.97 0.88 6.87
int 98 24 69 22 5 56 33 61 16 84 12 9 34 42 76 54 16 93 91 3 93 77 27 47 98 47 71 96 76 66 34 75 67 20 81 96 12 21 82 27 38 98 39 33 32 95 51 61 21 11 40 89 41 50 64 82 33 11 43 18 43 37 15 33 87 21 1 41 85 74 31 9 45 5 86 39 62 42 35 93 56 35 63 42 52 31 99 55 93 10 59 61 86 61 81 6 93 76 52
int 99 91 38 80 86 54 65 38 45 88 13 76 53 58 4 7 62 54 35 61 97 11 45 98 45 93 6 6 20 25 3 89 7 53 3 70 1 68 33 25 76 80 68 90 48 77 47 12 34 60 4 73 11 34 53 7 80 36 3 13 60 64 13 56 55 40 13 6 97 84 52 74 50 61 62 88 49 54 83 11 5 51 10 52 97 11 65 6 67 33 13 65 91 52 86 59 13 34 43 91
int 100 41 77 91 68 45 61 18 16 89 82 67 41 93 88 59 89 16 53 78 38 1 24 51 20 80 43 16 26 95 49 57 37 20 12 47 41 47 74 26 84 36 69 97 96 60 18 60 9 55 53 48 85 96 28 87 43 74 12 50 87 33 27 18 37 79 82 24 80 11 60 95 71 39 14 91 49 24 92 18 11 60 88 67 39 57 31 92 50 13 92 33 22 2 79 97 54 95 12 96 32
double 100 7.39 6.03 3.75 3.24 0.74 9.44 7.14 7.19 6.12 2.33 5.41 8.18 3.23 9.27 2.85 1.13 6.95 5.2 0.5 9.55 1.82 9.83 7.77 2.84 5.43 8.36 3.26 0.62 4.92 0.54 7.6 1.89 9.3 0.44 8.9 1.64 2.62 8.28 7.28 9.27 1.23 9.44 7.49 9.92 2.27 1.2 0.1 8.09 2.32 9.97 6.18 0.92 7.26 4.97 1.76 7.82 0.11 9.08 5.27 2.74 3.34 7.94 2.58 6.1 8.76 5.96 5.41 9.14 8.05 5.2 7.19 1.71 6.28 4.78 7.64 0.25 4.89 6.94 0.69 8.69 5.21 5.48 1.92 0.26 3.83 5.1 2.36 3.21 9.02 1.73 1.19 4.02 3.21 5.33 3.69 9.6 6.67 2.93 3.41 2.42
char 101 r h r r m o g d t l d g c k f b o t b f b g m d n a p f p m e m m m g q o l e e e k d i a c q s q n t l k m c h r a q m q c m e d p a e d r c f s j h l d t k b h n d o d p m j e b a l k e r h m j g a p
bool 101 1 0 0 1 0 0 0 1 1 1 1 0 1 1 0 1 0 1 0 1 1 1 0 0 0 0 0 1 1 0 0 1 0 0 0 0 0 0 1 1 0 1 0 1 1 1 1 0 1 1 0 1 0 0 0 0 1 0 1 1 1 0 0 0 0 0 0 1 0 0 1 0 1 0 0 1 1 1 1 1 0 0 1 1 0 1 0 1 0 0 0 0 0 1 1 0 1 1 1 0 1
bool 102 1 0 1 1 1 1 0 0 0 1 0 1 1 0 1 0 0 1 1 0 0 1 1 0 0 0 1 0 0 1 0 1 1 0 1 0 0 1 1 1 1 1 0 0 0 0 1 1 1 1 1 1 0 1 0 0 0 0 1 1 1 0 0 1 1 1 1 0 1 0 1 0 0 1 1 0 1 0 1 0 0 1 1 0 0 0 0 0 1 1 1 0 1 1 1 0 1 0 0 0 0 0
double 103 8.97 1.08 9.91 5.84 9.38 1.03 1.23 5.78 7.87 0.5 4.45 1.43 9.04 5.53 0.25 8.74 7.98 5.28 3.9 7.58 5.6 7.87 4.48 6.47 2.15 2.84 6.18 9.79 9.06 2.99 6.29 4.57 9.08 2.89 0.5 2.18 3.18 4.95 9.28 1.1 7.85 9.39 3.7 2.12 5.29 5.89 9.37 6.77 7.27 2.11 4.24 8.08 5.07 4.79 9.25 7.04 7.49 2.97 3.98 7.64 4.55 5.43 0.47 5.55 3.03 6.5 3.82 6.21 8.22 8.58 1.03 3.86 0.03 4.39 4.74 3.63 8.98 5.86 1.47 6.54 5.53 2.6 6.97 3.98 6.48 4.16 6.28 4.89 5.21 1.57 1.77 0.25 6.07 6.07 4.59 8.29 4.7 2.55 9.23 9.48 8.64 3.41 1.97
char 103 j d d d n e e c r j n m l r g d m d n l l m q q i p n m b c a h q d j t a b h d c m q e h s j j a p f m p q m m p o q f f g k k r o t p r p s n t s l n n c l o b b e t f o o r b r t o t r t p k k s n g c t
int 103 19 50 59 48 32 30 26 48 71 69 1 36 31 31 53 92 48 10 70 11 38 24 19 54 39 77 5 12 26 16 45 22 76 63 86 44 43 23 95 99 6 80 72 72 11 59 5 72 42 43 25 23 42 12 58 56 25 70 48 13 62 27 65 38 51 27 65 41 20 34 4 27 51 68 74 11 42 24 75 51 43 30 69 32 87 59 48 16 40 85 61 34 97 52 2 78 22 91 43 66 54 67 16
int 104 55 1 17 6 31 71 51 36 81 15 66 1 34 95 6 75 95 32 82 48 71 17 37 49 37 72 57 44 70 67 35 94 17 78 30 70 94 94 32 50 64 24 91 70 79 28 98 3 96 38 16 29 46 61 3 37 75 61 98 92 9 5 26 75 99 59 37 96 56 69 78 47 28 81 14 57 16 56 45 94 88 22 97 88 55 85 10 11 79 10 47 78 19 15 24 32 93 11 82 15 99 75 18 95
int 104 51 31 54 83 23 56 10 81 90 76 69 45 62 50 82 29 59 31 85 72 6 44 12 6 57 53 52 31 85 35 46 51 67 3 83 76 41 24 41 92 40 45 77 14 95 69 54 76 6 22 41 64 76 18 5 18 44 36 15 78 4 96 14 38 8 2 85 30 40 13 79 20 70 35 43 6 65 69 20 68 26 92 36 95 54 92 48 53 51 7 77 99 2 15 28 46 35 13 23 73 99 99 26 48
double 104 4.49 2.36 2.51 4.59 8.76 5.17 4.7 3.42 6.86 5.91 9.48 2.03 6.5 7.45 0.88 4.11 7.14 9.25 5.44 8.83 7.48 7.34 6.7 9.38 5.18 7.46 6.08 1.43 7.1 8.48 0.16 3.59 4.53 1.24 1.33 5.85 8.67 0.77 5.67 9.3 1.56 4.07 0.39 1.49 0.74 4.74 6.33 8.24 7.51 0.61 9.63 1.23 6.3 5.02 9.22 1.4 9.38 3.47 3.62 5.42 6.96 0.61 9.45 9.85 9.08 1.21 3.69 7.05 6.72 1.47 6.08 4.04 5.74 9.79 9.8 5.01 6.3 0.06 1.18 6.83 2.36 8.06 4.38 6.62 8.47 1.82 7.48 5.18 5.13 0.95 0.33 6.65 6.59 6.25 4.47 5.44 4.31 2.95 9.8 8.73 4.17 6.66 1.54 1.78
double 105 8.17 9.38 0.13 4.65 3.8 1.72 2.84 6.54 7.78 2.84 4.12 1.44 0.49 2.34 4.01 5.98 9.96 6.3 9.98 5.18 2.87 1.43 3.45 2.43 8.09 7.03 3.9 5.5 5.48 1.54 5.94 4.77 9.41 0.82 9.11 3.64 4.83 3.53 5.19 5.72 7.76 2.18 6.71 8.26 2.81 8.59 7.74 5.82 8.04 0.35 2.86 0.38 0.1 7.81 7.22 3.88 7.25 9.39 6.32 4.38 5.99 5.21 8 9.43 4.02 1.54 7.02 7.24 9.1 7.26 9.91 7.31 2.74 4.42 6.19 9.04 9.58 7.75 7.75 2.23 3.39 6.39 4.41 5.24 5.64 9.39 2.52 8.44 9.88 3.52 0.41 4.05 1.07 5.66 8.82 6.82 6.3 6.02 4.38 2.29 3.09 5.82 3.27 6.47 0.16
double 105 0.75 1.43 6.55 6.05 5.1 3.6 1.39 1.75 7.29 3.38 0.89 9.53 2.68 9.39 0.57 3.19 0.95 2.79 7.63 8.42 9.42 1.24 1.18 4.89 7.76 6.81 8.56 2.28 2.63 9.61 8.9 2.14 6.69 3.14 7.64 5.42 1.19 1.36 7.98 7.18 9.41 5.89 7.23 2.84 7 1.76 4.36 1.32 7.69 0.59 4.92 4.44 7.85 0.6 3.02 2.57 5.25 1.99 6.1 7.01 2.42 0.12 9.27 7.04 5.46 4.91 6.06 3.16 7.64 3.3 4.54 8.26 9.25 2.72 5.54 4.03 5.8 7.72 4.34 1.51 6.18 6.85 8.9 6.48 9.39 5.97 5.59 1.11 6.41 6.47 6.7 7.55 8.39 4.23 8.02 1.17 1.01 0.44 0.4 6.15 3.53 8.43 3.64 6.65 7.92
