10 4 10 13 19 9 19 1 7 12 13 16
18 11 7 18 2 32 24 9 31 33 16 30 15 16 31 32 16 21 2 23
26 13 46 7 15 1 42 46 43 42 5 49 32 16 11 40 35 12 22 44 40 38 40 22 18 9 47 41
30 26 55 16 29 8 0 22 52 36 7 6 51 12 11 23 36 5 7 53 46 33 32 45 40 33 57 33 15 39 31 58
30 19 0 18 29 55 38 52 53 22 56 56 46 33 44 44 52 39 22 28 59 42 45 56 27 52 48 20 10 38 12 45
34 21 54 1 54 37 52 56 66 53 1 33 30 1 12 12 35 25 26 20 47 35 32 23 50 9 65 21 43 42 0 13 43 34 8 56
38 23 50 45 14 10 41 27 3 15 63 15 25 46 10 31 18 20 75 75 38 37 50 68 68 27 69 71 32 34 46 30 75 42 58 54 46 9 50 44
54 14 16 41 22 52 53 94 5 96 46 55 79 103 10 95 106 50 78 99 57 81 23 67 47 66 45 18 89 39 31 11 64 31 30 96 72 42 100 17 99 13 1 92 10 44 41 88 51 18 106 61 79 69 54 32
58 47 3 110 47 11 11 101 33 21 86 88 69 67 100 88 13 15 5 23 38 24 50 107 100 41 28 44 43 95 51 99 57 112 28 69 4 69 15 68 41 55 80 112 85 55 84 46 45 79 73 72 52 38 56 65 102 65 86 55
58 14 34 115 40 23 0 58 11 67 92 16 35 108 1 10 88 11 33 67 85 53 81 35 83 24 108 115 6 100 73 7 3 28 91 40 45 10 17 33 100 83 26 23 103 15 20 3 39 91 54 95 26 112 47 105 60 32 28 33
58 6 91 102 83 80 21 62 111 92 74 27 100 41 39 61 86 69 73 10 46 42 66 33 73 114 38 111 38 54 57 103 35 87 93 99 30 61 88 15 46 41 5 88 88 19 61 28 58 107 29 6 83 58 16 20 60 7 27 36
62 4 48 106 19 76 95 111 123 41 93 69 0 33 45 39 112 121 57 120 2 71 116 10 62 37 16 89 3 35 82 61 14 116 91 77 111 74 114 91 96 86 75 79 81 32 5 116 91 17 12 84 74 104 84 54 0 113 51 94 82 27 88 26
70 42 111 129 133 16 10 10 131 111 121 111 10 70 63 15 128 67 63 40 139 117 131 59 123 1 68 36 50 84 63 104 27 4 15 123 21 53 121 86 108 51 34 124 71 2 2 57 21 43 105 109 59 99 22 96 136 108 128 118 9 40 87 127 139 59 134 35 96 82 120 62
74 50 138 45 28 78 41 86 22 43 24 5 89 55 17 95 95 61 112 92 130 78 147 106 73 53 105 119 127 137 140 120 29 128 7 60 96 73 42 73 19 119 2 0 127 46 41 105 106 108 80 7 92 133 5 41 35 144 32 26 131 123 51 8 51 20 5 95 12 72 132 138 114 25 17 87
82 21 105 100 21 141 84 86 162 94 16 45 144 84 126 134 139 132 92 88 53 44 50 112 48 52 38 18 31 3 97 155 133 84 43 156 158 97 136 17 37 144 158 97 123 63 17 126 82 162 135 146 8 115 80 144 61 58 98 100 100 82 58 133 123 87 46 57 5 80 160 25 132 53 5 47 23 79 63 77 80 33 57 122
86 57 31 17 3 167 131 130 98 73 7 105 14 126 145 4 109 90 74 136 164 171 102 25 24 119 110 94 83 150 15 139 83 93 163 128 148 170 123 79 147 140 83 120 122 76 68 20 126 46 124 10 125 142 63 57 47 156 101 12 116 53 130 114 104 104 101 26 21 146 131 28 91 13 126 95 87 113 91 169 123 37 95 114 47 117 116 121
86 59 50 84 99 8 85 22 122 60 48 34 100 1 117 161 128 88 38 13 56 118 117 16 151 44 142 170 57 102 59 60 49 100 73 113 17 39 50 133 118 68 121 154 0 117 142 68 66 138 135 90 47 72 106 90 17 124 60 170 51 100 6 93 84 158 149 90 153 60 98 81 153 109 61 120 137 151 78 33 42 8 76 131 11 1 99 102
90 8 176 152 89 113 32 144 6 175 22 27 133 10 102 93 7 11 112 137 28 171 140 29 92 31 153 49 33 27 5 41 100 86 66 49 58 64 65 90 83 47 133 61 152 60 57 165 76 1 35 157 161 177 168 89 33 37 8 41 112 53 146 100 174 100 150 118 95 68 55 101 131 138 135 40 134 118 70 41 96 12 155 128 170 15 128 3 87 121 88 88
90 58 166 92 62 150 98 143 37 0 84 0 100 118 36 97 133 128 176 32 57 110 171 83 32 179 108 107 103 38 31 17 40 51 76 22 3 71 54 18 69 132 83 111 35 160 117 4 142 7 16 70 139 94 17 142 166 155 140 170 139 8 124 72 121 174 81 155 156 117 75 55 86 85 140 142 116 106 75 4 135 39 135 97 37 89 50 81 110 142 47 143
90 73 118 22 5 0 109 152 15 114 177 153 80 19 17 77 29 155 75 21 35 49 86 86 128 20 95 10 169 141 2 12 119 34 76 137 65 137 160 36 118 13 27 155 169 157 68 2 6 48 134 99 165 33 37 122 100 138 60 106 94 86 141 120 126 136 48 112 81 68 7 101 166 72 127 53 91 109 56 51 83 37 83 8 33 28 123 8 155 14 147 77
94 80 106 77 38 16 70 91 51 103 111 124 52 178 58 165 48 77 121 95 98 78 31 126 164 107 152 118 30 20 41 133 120 177 8 111 108 23 146 182 16 145 58 7 178 64 181 59 158 38 32 142 56 72 163 35 110 151 154 95 144 186 75 10 50 67 20 126 22 75 46 91 13 38 24 162 38 144 39 134 26 160 60 52 45 74 175 74 8 101 76 96 3 122 34 0
94 54 153 100 134 118 40 56 62 27 180 21 171 117 183 84 71 163 183 152 24 155 121 2 182 133 106 169 119 52 140 34 40 33 85 124 121 182 9 166 65 184 23 86 30 20 95 42 146 1 105 68 179 111 47 91 168 143 83 1 156 153 4 117 101 9 143 78 28 11 171 103 150 163 119 50 1 127 40 112 170 181 31 38 169 112 91 66 124 32 148 169 134 135 137 49
94 74 29 185 93 88 128 92 78 134 160 84 71 154 59 30 127 43 115 179 166 37 136 133 89 161 102 117 0 186 59 107 10 139 186 65 105 127 136 31 16 134 92 98 139 57 182 27 57 61 106 68 163 100 127 56 171 90 56 132 42 105 145 174 65 137 79 150 60 31 26 120 150 54 87 63 117 28 6 8 120 121 29 138 43 43 58 88 121 134 160 118 96 69 15 175
94 79 105 134 125 179 136 24 128 63 181 159 174 127 185 161 2 34 105 15 153 79 57 113 12 167 3 9 129 164 0 32 58 77 31 131 133 18 121 181 49 170 9 84 126 92 133 32 58 81 139 78 56 73 105 3 165 118 39 41 184 21 100 2 55 28 26 65 138 98 24 5 3 128 30 149 117 183 125 92 148 154 178 178 52 94 7 114 76 12 73 147 158 66 14 54
98 51 12 73 6 118 97 74 175 36 94 14 146 150 85 141 170 166 43 165 145 57 184 183 174 179 105 7 12 52 20 39 114 78 148 14 88 26 175 181 47 154 192 91 21 55 124 90 162 112 178 140 51 169 191 137 193 22 178 165 110 16 122 100 74 117 146 0 177 103 58 92 157 96 145 175 172 16 139 129 163 144 93 156 172 152 56 131 188 97 22 91 99 166 71 23 185 115 86 182
106 59 103 37 9 202 18 109 142 177 125 91 189 40 163 125 71 87 32 59 137 39 127 51 43 202 171 32 167 40 44 7 18 65 15 129 34 115 35 137 28 205 164 76 69 0 133 33 202 210 62 183 30 173 21 33 194 108 209 76 12 47 17 35 69 117 127 109 64 206 112 174 27 88 72 199 117 171 149 32 4 145 191 162 162 19 169 147 75 117 46 174 200 123 194 33 16 195 114 98 207 154 72 51 130 67 18 154
106 54 46 25 198 100 152 48 38 193 179 85 209 87 82 90 127 178 110 32 35 114 171 131 5 141 136 86 153 119 205 9 158 192 122 53 105 42 76 135 208 17 178 185 126 56 198 178 74 186 148 22 103 47 127 82 126 181 165 39 77 45 72 112 202 14 211 112 13 87 123 180 42 99 210 197 22 183 81 155 23 71 107 126 65 60 66 8 84 50 9 102 190 145 115 69 71 65 176 110 105 142 131 134 198 78 165 28
110 1 195 132 61 187 132 128 8 139 137 157 202 85 168 217 178 13 146 212 127 26 14 17 177 119 167 102 45 60 200 115 66 75 167 177 86 97 216 204 11 50 56 124 214 80 212 93 117 85 154 37 187 188 185 212 56 67 5 56 60 114 46 102 48 178 28 134 177 78 180 18 213 136 213 163 64 194 16 195 127 94 182 4 123 74 59 59 46 218 114 117 209 118 132 0 210 65 85 162 195 98 40 180 41 66 139 102 144 89 34 147
118 35 4 19 130 197 114 109 79 106 103 193 90 196 25 211 54 118 147 46 101 70 49 231 50 175 37 194 111 213 230 52 225 198 198 207 95 96 203 7 118 82 91 82 211 4 196 52 64 199 95 31 49 44 234 123 75 109 165 69 119 117 113 214 82 3 55 234 50 42 8 235 131 132 167 11 180 188 163 66 186 190 215 234 28 158 18 192 106 180 25 127 233 16 198 68 94 194 114 68 97 128 78 108 191 224 101 169 147 95 142 89 116 6 46 119 223 216 192 100
118 93 92 89 232 121 160 54 205 147 77 59 10 226 21 123 149 21 0 39 27 101 9 74 2 44 194 22 35 93 102 235 154 168 78 211 10 69 0 111 182 190 29 5 100 223 115 104 14 18 210 33 168 6 64 19 100 71 12 101 94 202 13 121 84 104 40 176 231 113 174 49 20 198 89 206 137 188 78 158 133 34 193 177 15 137 223 188 122 129 159 43 159 159 170 204 195 59 134 162 33 38 6 162 132 28 208 232 195 43 29 15 214 203 84 25 141 109 235 147
130 63 12 145 82 61 153 21 250 51 177 178 47 214 103 20 5 228 61 155 217 42 53 208 206 45 159 107 15 48 230 220 43 142 161 117 96 86 21 9 5 169 186 34 116 206 42 80 142 242 85 107 215 3 30 154 103 207 98 238 77 158 178 115 214 257 166 203 27 188 17 162 34 82 45 138 2 11 209 131 169 45 83 1 180 192 91 125 131 253 228 146 88 44 4 98 125 12 164 199 236 3 248 34 96 122 65 105 223 180 166 36 229 83 19 14 73 84 192 191 257 15 243 187 93 163 2 69 91 78 37 107
154 2 292 69 8 234 134 152 21 273 301 63 70 165 235 35 35 263 151 295 89 2 177 51 143 230 226 13 198 152 190 247 52 109 281 201 116 300 251 49 261 156 77 208 231 198 102 38 2 109 102 179 211 97 167 213 155 107 151 306 245 72 288 34 105 215 0 168 163 26 240 144 194 159 71 299 148 171 149 86 116 88 40 64 303 64 229 244 149 259 178 256 299 165 296 22 180 291 287 31 190 6 279 4 263 222 190 27 165 78 38 30 220 269 21 1 100 147 245 37 251 242 273 119 141 262 228 261 173 19 127 233 117 4 186 248 79 240 122 62 214 178 106 173 280 103 210 79 125 220 233 6 57 272 125 172
158 74 184 277 285 5 77 286 135 6 235 161 76 135 227 233 218 292 270 66 175 115 60 284 138 41 138 149 13 220 110 14 269 31 163 97 56 234 170 8 195 59 83 235 130 94 152 204 141 310 122 3 251 225 59 282 97 9 164 91 219 274 164 120 313 72 172 203 188 244 112 143 66 176 143 280 270 216 34 157 261 151 305 15 41 305 186 259 78 137 183 93 215 31 11 39 128 198 253 49 19 33 173 309 298 165 175 95 170 195 251 267 219 150 205 96 171 199 134 63 27 182 164 102 14 23 197 288 241 135 26 225 158 38 46 20 214 188 241 247 169 148 297 261 104 307 10 208 256 133 220 216 211 129 178 131 152 263 106 203
158 30 6 142 309 131 285 251 81 121 51 0 289 106 54 127 19 19 216 87 180 7 224 10 219 76 272 58 224 245 207 214 94 158 255 63 44 32 20 198 274 96 263 274 50 33 107 200 303 49 177 303 214 278 128 141 276 231 186 218 51 196 180 311 13 308 48 139 141 99 108 104 192 39 107 24 181 230 46 226 103 108 91 2 172 28 244 211 120 75 90 21 179 283 177 69 11 98 48 261 69 281 215 3 130 38 172 253 159 255 29 194 130 7 63 194 143 149 252 201 199 18 209 33 304 67 98 56 5 43 103 246 71 217 283 126 42 273 65 73 296 75 56 263 214 309 153 180 254 215 105 176 88 178 128 159 305 38 58 229
162 144 111 60 40 253 279 94 174 39 99 63 114 188 1 34 155 210 99 223 274 90 68 169 78 82 67 160 171 227 139 9 312 312 209 280 150 180 294 127 221 57 202 280 52 238 197 107 255 230 299 61 163 25 179 315 171 112 110 66 202 25 37 105 301 208 249 90 50 128 262 75 165 157 189 183 118 220 91 99 260 97 68 153 284 247 86 146 152 261 316 207 306 43 111 39 182 81 123 301 232 205 228 309 106 122 75 79 85 295 196 38 43 125 247 115 49 209 55 271 158 249 304 5 322 7 27 137 150 175 265 277 270 240 290 235 141 105 16 20 237 57 161 218 319 300 91 87 53 312 302 310 156 310 257 286 137 178 285 66 0 147 217 286
162 37 89 210 166 195 14 260 183 36 255 169 290 173 80 301 47 288 112 251 230 230 273 153 148 133 173 76 270 269 314 163 194 73 267 287 290 145 205 288 32 162 91 150 147 206 7 102 42 55 61 61 277 260 91 297 148 258 227 311 37 229 78 291 140 168 292 35 105 147 15 250 36 8 220 21 231 133 70 50 39 231 89 7 42 72 114 110 128 315 282 295 185 2 18 159 61 60 120 180 179 54 171 206 311 8 48 66 146 209 122 54 314 170 66 253 91 186 47 320 134 102 202 168 244 309 217 56 21 22 142 15 11 27 20 49 134 97 287 215 297 231 59 33 257 55 189 70 247 321 297 192 295 121 91 321 288 149 59 169 179 31 147 72
166 154 1 109 143 56 253 252 225 190 235 253 191 99 276 107 101 159 292 150 29 192 46 174 330 308 13 202 110 233 83 33 54 249 321 280 119 199 295 241 95 90 273 297 2 152 26 230 79 133 2 237 321 83 166 264 165 199 52 314 303 131 64 232 315 245 60 292 176 245 17 104 254 66 144 190 134 282 255 196 7 41 4 109 0 326 126 27 86 81 308 66 205 231 109 185 88 42 58 319 14 145 60 65 112 147 12 6 196 16 112 255 128 176 25 201 295 55 73 315 8 300 124 305 143 108 27 187 157 112 222 104 141 260 319 198 96 197 97 238 234 207 181 82 318 218 193 278 0 237 142 47 325 232 102 152 78 112 278 251 87 211 12 9 28 316 183 63
170 165 133 35 49 156 35 263 160 157 303 199 55 238 168 325 36 49 159 301 102 150 189 222 54 60 262 208 119 288 319 153 30 0 282 49 285 48 244 62 297 4 224 328 107 205 240 325 68 102 156 73 295 193 8 283 257 23 274 319 48 221 54 290 227 3 120 303 296 163 82 215 93 11 286 100 255 286 107 134 157 115 172 261 229 100 317 299 90 274 140 36 11 323 163 194 121 237 329 137 327 316 264 137 41 138 155 146 282 310 146 112 32 74 191 25 325 3 233 306 183 165 147 293 59 250 282 140 53 48 284 319 118 26 28 336 158 34 163 125 310 190 50 185 116 25 0 206 4 247 74 125 165 112 9 142 315 336 244 163 38 159 149 327 283 332 260 287 317 262 287 159
186 65 357 120 254 214 195 285 29 93 319 114 119 35 13 349 184 370 318 132 63 142 340 361 106 50 328 234 275 277 63 76 257 65 92 114 211 19 33 87 180 123 217 301 348 363 343 77 57 141 322 21 271 205 198 291 70 351 294 83 254 76 314 330 166 323 330 99 108 59 267 288 209 222 96 72 350 124 146 60 360 73 14 122 276 333 165 146 243 142 324 365 203 368 90 350 108 218 291 227 97 335 350 317 341 119 248 363 232 18 112 224 227 139 363 256 184 337 293 131 3 271 235 254 253 122 317 84 233 318 35 37 277 17 273 4 368 204 325 342 80 220 100 250 238 53 60 218 304 108 319 92 132 18 239 106 288 163 335 34 148 154 284 237 273 368 343 178 184 300 260 257 119 87 119 106 138 116 137 70 185 308 357 176 238 133 368 117
186 118 27 296 204 285 149 312 268 264 148 25 369 211 332 13 249 35 140 238 285 239 222 222 138 313 218 129 21 165 343 106 326 348 132 204 232 349 63 10 263 189 320 313 152 212 216 197 222 11 206 157 347 250 229 332 330 158 89 191 258 267 247 19 346 176 291 98 263 51 205 105 322 178 0 249 60 222 169 69 314 241 67 334 80 59 5 260 35 361 257 112 222 83 299 234 355 186 202 334 108 131 308 76 220 255 182 27 338 139 178 84 184 92 174 362 248 265 189 45 185 347 349 16 121 40 150 257 4 5 167 8 244 211 54 137 59 226 322 20 366 4 155 176 137 243 88 1 205 119 122 362 253 287 177 72 260 130 307 131 83 137 236 132 49 220 213 94 252 103 371 363 232 157 96 204 107 193 287 54 51 232 362 361 43 367 79 282
190 37 76 1 319 249 217 361 197 28 186 0 35 297 240 262 275 215 358 17 119 101 215 171 134 332 179 288 131 364 217 103 218 370 152 313 173 147 326 320 297 159 32 55 361 266 364 165 20 166 305 257 92 72 330 158 61 276 374 124 116 21 53 336 272 151 238 38 152 376 315 265 225 169 299 4 329 361 12 124 51 329 233 234 223 220 176 81 345 177 236 187 74 34 180 293 361 301 238 218 211 78 11 32 315 278 242 223 326 76 84 361 318 17 55 177 180 314 158 343 49 8 7 122 206 224 260 2 107 86 166 371 317 6 173 365 206 193 322 77 215 125 154 14 80 236 153 54 285 19 251 292 257 38 16 115 7 100 326 23 121 326 369 98 86 42 308 146 263 327 136 11 74 247 20 365 166 369 14 276 94 168 45 48 257 92 105 178 209 298 321 278
194 83 162 369 122 96 349 181 134 255 81 6 227 180 89 53 281 166 184 275 223 204 152 337 67 3 66 325 379 1 65 161 361 382 264 319 340 246 252 368 40 266 93 101 349 116 43 210 299 355 139 254 109 133 331 10 178 36 37 271 39 109 203 289 215 186 350 206 43 355 325 374 227 378 329 123 386 263 120 56 33 384 338 36 374 249 42 297 232 13 112 81 254 254 32 296 366 178 221 4 240 95 263 151 17 244 341 159 366 293 131 160 75 184 380 166 13 383 185 372 251 25 112 282 380 384 269 235 206 76 1 134 211 263 241 291 211 27 220 203 222 218 174 28 235 108 208 216 7 19 106 258 210 386 227 287 266 274 326 201 323 36 307 82 159 79 218 185 250 33 288 196 70 210 306 320 200 292 350 16 222 257 165 317 110 33 377 311 74 28 223 60 27 375 54 309
194 140 36 118 261 91 75 232 281 86 387 363 130 332 313 110 149 258 308 59 177 74 310 306 300 95 179 75 123 97 194 216 256 163 269 292 294 222 45 353 357 95 386 187 167 201 120 4 67 128 139 32 257 143 136 380 283 282 358 48 373 92 331 14 47 161 179 277 10 33 372 257 264 66 164 174 35 346 89 357 262 282 371 375 36 372 270 275 289 80 120 375 205 246 317 358 4 78 158 15 359 328 98 29 154 111 15 13 201 44 333 312 217 140 193 169 320 21 248 7 312 266 364 106 379 362 383 193 43 349 9 11 21 76 298 256 116 167 374 357 246 52 236 125 241 138 69 315 223 28 141 274 4 158 47 119 230 377 168 69 68 177 132 337 121 245 120 311 381 317 162 160 132 191 226 268 0 270 90 146 112 298 144 198 1 9 344 275 339 238 62 341 322 44 161 305
198 150 171 19 91 175 280 91 203 161 14 175 339 273 263 394 389 348 291 23 321 183 31 162 140 175 228 201 137 284 40 355 118 89 234 34 67 338 82 336 52 111 82 164 179 259 119 129 23 246 385 304 204 348 157 144 8 22 274 148 44 306 39 27 69 144 319 207 242 358 331 297 216 296 98 40 153 280 371 174 210 363 155 185 232 249 159 109 189 56 383 217 218 116 168 11 130 356 310 75 35 269 176 231 171 214 254 122 110 47 329 30 140 39 112 267 14 205 4 88 144 392 14 161 163 300 394 273 186 230 162 267 14 178 4 224 173 242 128 30 57 196 2 83 189 133 237 356 92 47 181 87 242 275 348 52 52 156 354 356 152 275 110 170 44 244 154 251 143 380 155 262 11 117 306 191 326 176 98 64 264 117 86 165 81 128 183 29 324 95 87 282 375 16 66 186 140 290 246 127
202 170 95 152 116 253 332 73 289 23 12 224 297 381 100 190 55 73 184 367 310 324 211 170 131 296 91 17 244 49 333 374 8 20 180 267 42 399 306 153 28 103 337 76 388 333 387 171 123 242 184 142 389 160 246 85 271 350 393 320 309 257 264 402 272 143 139 221 205 68 328 136 123 65 59 118 164 350 270 400 284 381 378 149 317 121 87 316 78 293 17 286 373 84 36 38 130 161 198 241 254 280 121 99 19 366 44 403 178 315 110 191 378 308 85 125 145 84 348 0 241 338 34 256 188 234 361 334 332 181 113 204 370 95 100 160 76 399 277 271 304 18 21 239 393 54 277 301 216 52 93 12 359 380 3 66 357 40 83 294 247 328 72 196 196 363 388 1 257 366 291 190 139 198 278 274 231 387 148 181 157 319 134 39 396 162 200 226 393 206 233 236 90 14 34 25 268 296 283 197 67 139 85 303
210 155 236 186 240 205 320 279 160 286 163 317 318 95 26 123 380 187 339 170 210 340 144 244 113 389 30 98 68 74 409 212 294 240 252 153 54 129 187 419 283 261 24 99 265 71 310 1 244 9 334 71 204 394 97 372 89 217 99 365 162 378 370 395 183 295 398 108 135 309 271 49 408 407 20 140 326 7 28 113 402 37 123 354 351 378 8 58 25 264 80 119 238 251 138 100 319 42 162 99 181 98 179 235 205 343 373 292 397 94 280 29 106 166 100 98 148 43 143 35 11 27 396 45 414 265 112 146 252 120 126 67 97 231 66 55 109 195 234 380 7 377 241 332 289 152 385 163 183 331 24 229 127 50 410 224 52 28 244 198 182 143 298 241 376 255 281 247 163 87 258 290 126 333 177 223 254 46 218 310 40 377 116 4 369 262 293 400 134 331 69 26 210 366 35 21 297 340 138 416 345 95 318 316 112 15 126 93 224 296 180 38
222 30 406 399 2 73 155 13 7 289 362 220 309 94 188 27 124 288 143 60 121 98 389 303 130 395 430 160 228 233 106 290 111 127 249 356 440 15 259 345 133 314 347 156 178 192 172 150 90 310 390 431 417 208 199 268 370 434 123 128 373 117 241 281 422 68 48 49 146 66 121 437 241 259 246 110 205 194 409 194 112 25 121 414 277 434 165 194 271 61 169 376 109 40 170 26 210 419 63 34 408 378 209 216 272 350 147 109 209 69 173 389 301 194 74 270 417 135 299 338 164 77 404 351 381 106 181 402 348 83 327 337 338 235 54 382 68 382 417 436 292 47 15 389 90 273 133 178 332 267 164 403 227 335 312 112 425 104 407 394 37 386 53 114 79 130 390 336 309 31 304 155 108 59 249 295 17 423 183 189 311 361 160 324 267 323 67 304 263 223 24 274 324 41 89 244 127 264 261 365 50 112 356 369 174 284 353 359 129 174 94 48 102 326 319 90 90 318 276 10 422 52 292 69
222 171 101 417 318 122 264 349 338 320 157 150 64 426 70 329 366 211 254 189 323 137 190 421 207 27 306 207 327 443 336 273 306 80 99 73 163 124 112 17 53 110 53 97 107 192 101 278 129 176 10 241 101 324 327 352 235 73 370 200 380 170 186 197 69 429 8 93 295 347 142 427 325 313 401 234 208 77 238 232 427 352 125 149 137 131 387 370 284 10 48 216 212 244 417 72 284 205 121 387 142 319 57 65 205 424 244 54 373 377 332 116 148 129 60 201 117 349 314 308 35 45 300 107 206 388 186 435 199 117 239 75 387 387 298 69 316 39 180 406 2 196 144 209 13 193 75 168 144 39 200 149 290 126 187 236 90 310 14 55 135 72 152 99 38 343 418 11 368 429 210 65 380 85 272 82 80 81 308 399 378 249 28 77 303 428 67 419 230 111 133 136 411 71 420 157 282 215 348 115 310 236 135 98 395 412 17 411 401 100 183 135 317 420 183 303 165 156 185 255 431 125 267 232
222 218 235 4 357 333 298 76 97 28 103 427 73 60 78 286 49 234 406 174 241 18 443 426 422 203 418 323 138 10 240 371 137 93 114 116 333 200 79 179 9 387 98 404 204 348 135 59 315 329 327 38 420 104 76 199 207 374 312 65 128 373 201 0 334 174 185 135 238 419 422 433 119 95 50 197 240 271 322 80 93 363 95 59 297 399 373 443 105 137 232 155 149 202 366 346 385 145 184 71 141 109 360 160 100 230 24 112 315 284 195 105 193 39 162 143 72 316 129 431 109 422 221 354 417 31 94 250 90 296 336 91 154 89 420 267 421 21 183 89 123 140 4 190 93 197 420 427 101 335 78 397 423 95 285 440 5 287 399 195 243 288 124 1 78 416 22 286 140 232 85 434 153 192 37 216 411 9 429 53 232 378 69 289 105 143 263 1 25 422 78 383 379 307 436 436 320 286 165 397 300 331 26 72 22 27 43 282 12 285 259 391 302 214 338 19 431 394 334 5 273 43 342 170
226 100 150 77 390 220 422 373 167 272 446 70 344 0 43 251 176 447 60 129 108 408 95 441 110 438 430 384 345 112 18 348 110 424 392 202 229 361 396 364 27 269 50 202 102 320 133 450 236 112 54 338 255 27 419 79 134 407 56 146 201 169 186 170 123 55 129 34 56 223 356 73 404 382 135 262 64 347 14 440 326 134 101 351 88 27 386 265 348 237 298 97 305 324 62 236 337 21 178 118 296 117 161 401 277 439 398 379 318 252 105 288 2 410 23 307 26 193 9 358 420 328 191 56 185 29 77 193 183 435 86 76 38 173 269 326 335 347 376 87 317 135 343 120 86 277 330 33 218 132 436 35 51 210 180 402 363 292 284 176 39 428 87 173 451 72 207 157 198 32 435 310 355 277 438 32 190 28 61 47 22 370 367 443 186 102 47 380 86 276 67 193 296 8 216 313 136 249 270 159 323 246 225 168 309 371 211 431 2 246 411 386 267 334 147 42 413 274 258 180 216 68 375 104 382 175 177 91
226 45 374 88 448 36 434 69 131 410 73 418 185 107 37 198 311 213 117 95 282 241 413 77 264 220 239 181 320 438 127 317 235 322 189 281 437 239 36 62 219 70 439 228 247 224 385 9 67 215 349 214 66 287 369 77 426 129 21 106 249 370 300 257 294 120 415 88 119 25 404 236 339 158 288 157 92 211 25 32 360 129 440 354 98 284 112 90 175 192 223 226 11 58 86 79 205 173 428 208 17 376 148 354 298 340 315 50 430 310 42 417 98 106 115 432 338 59 193 69 273 112 73 282 259 216 269 78 270 0 183 140 154 217 26 95 248 325 15 214 155 279 252 313 69 98 192 90 223 271 247 332 82 192 29 352 448 345 345 403 333 204 291 418 253 397 78 236 240 303 205 213 255 17 182 396 75 195 24 363 149 79 305 236 85 98 191 23 218 59 117 390 71 359 9 372 394 405 385 400 15 324 211 344 88 340 242 403 130 297 201 170 118 268 360 239 112 82 226 79 144 378 55 256 6 399 102 123
230 99 125 410 135 391 198 84 125 278 31 413 131 139 348 355 211 329 184 279 10 195 103 388 370 227 25 145 417 431 455 155 385 329 267 457 30 212 437 11 13 298 61 456 104 143 34 361 398 384 292 242 249 136 362 29 58 173 48 131 64 173 212 158 242 182 69 116 29 57 81 309 92 250 252 283 159 365 130 375 301 400 358 399 273 284 233 98 310 326 45 182 453 9 287 268 450 226 194 163 323 34 321 71 396 400 261 455 342 44 296 289 269 194 315 42 253 41 3 373 425 248 17 345 109 5 35 105 375 45 456 256 442 109 441 415 291 443 122 324 74 241 153 26 128 238 400 338 456 334 383 83 276 249 219 133 62 264 185 422 130 238 392 89 42 94 105 44 424 204 90 27 151 43 133 57 302 40 408 36 1 152 278 437 120 375 286 233 257 82 137 29 180 424 297 181 446 207 447 9 395 349 175 274 43 22 321 451 386 303 154 274 65 141 21 95 298 326 228 19 57 19 200 101 398 115 118 165 140 371 180 260
230 84 177 459 359 34 363 276 298 182 123 106 15 406 175 4 281 283 118 279 189 112 81 190 313 80 92 244 33 407 401 456 382 260 433 126 167 368 408 365 196 52 137 328 6 269 52 356 281 118 426 193 321 49 188 110 258 130 442 138 178 148 45 372 320 141 371 7 311 208 246 305 260 73 29 350 127 350 390 386 287 36 89 54 58 16 340 213 246 236 381 52 442 224 4 410 254 223 243 424 285 403 246 45 298 184 368 304 308 12 75 458 238 163 438 276 51 234 136 192 32 340 105 202 46 374 335 347 433 4 345 349 140 276 411 179 56 47 159 1 116 140 123 5 222 347 116 198 262 13 360 321 109 139 47 123 243 267 94 370 266 342 83 383 40 149 251 3 5 95 57 424 337 211 185 436 286 187 243 79 364 191 416 245 311 77 150 272 236 21 105 215 324 454 357 40 66 161 165 284 351 315 56 112 370 379 259 418 309 321 364 33 94 354 383 367 428 33 356 410 172 84 318 323 239 235 59 110 121 348 72 197
234 79 248 224 250 375 114 211 126 87 380 179 291 116 344 75 62 36 92 374 329 226 139 235 396 459 218 66 314 310 189 190 149 403 275 91 339 98 351 362 166 136 374 144 235 63 199 349 4 57 2 154 284 354 112 80 396 289 396 118 362 354 180 423 433 255 463 252 101 392 418 250 456 278 21 201 298 252 455 52 265 387 211 83 410 157 111 234 324 262 47 152 63 49 189 238 440 43 335 53 333 417 269 110 60 208 392 304 27 231 435 374 437 157 255 378 13 151 367 335 310 414 193 113 137 73 203 441 217 57 414 179 93 449 131 243 285 96 344 0 79 388 174 375 283 14 337 323 139 398 384 347 386 445 426 344 21 131 444 134 235 368 13 218 424 101 150 302 333 352 116 83 71 243 285 237 369 279 229 335 176 429 366 361 83 42 6 417 445 208 245 371 327 19 312 437 357 399 446 200 384 449 447 200 445 287 269 89 360 44 408 331 281 321 186 197 397 212 173 70 149 67 333 25 363 155 173 271 387 370 139 58 44 313 272 65
246 21 162 441 467 320 271 477 362 245 109 182 303 462 221 98 324 455 301 362 222 196 432 288 397 50 185 187 66 219 173 419 64 202 18 434 447 166 328 399 63 393 223 151 389 318 309 38 298 266 129 63 28 173 131 67 397 171 455 245 368 282 141 491 315 445 93 361 482 445 460 48 403 294 219 145 204 346 328 378 471 280 432 106 27 284 271 36 164 309 382 53 450 180 265 215 480 351 490 286 213 315 125 28 394 341 136 281 155 264 44 19 27 225 132 386 88 454 302 318 354 396 278 431 307 92 123 433 354 369 463 395 443 329 279 253 188 334 275 170 170 354 212 72 85 328 37 243 191 216 283 245 173 176 430 365 422 143 323 444 142 63 445 274 203 108 109 104 348 339 142 53 402 343 77 202 137 268 113 182 187 424 406 262 101 258 1 204 425 430 211 133 105 261 331 323 364 270 242 462 106 208 167 7 23 344 316 307 82 243 451 215 294 260 456 285 437 234 470 278 155 78 290 398 60 425 278 94 52 163 390 212 87 409 139 41 30 90 14 488 23 145 376 204 346 133 396 376
246 182 61 254 304 427 103 463 189 101 268 135 399 27 335 388 262 403 283 240 248 293 78 452 231 116 362 187 235 451 300 247 439 339 200 386 485 219 456 326 339 287 409 141 129 306 37 481 140 103 454 164 371 336 472 414 191 114 111 164 365 174 372 451 340 256 15 20 23 165 351 397 272 415 39 67 316 50 249 436 473 480 275 469 135 264 396 386 359 239 441 85 123 76 134 95 287 39 200 235 272 95 348 157 371 264 251 418 44 331 50 138 162 216 280 387 21 242 365 349 0 477 405 336 64 244 120 169 261 415 39 399 44 488 59 163 152 198 136 346 306 392 10 303 91 24 368 322 32 112 413 399 392 261 65 143 264 433 92 472 461 108 127 170 248 256 76 150 351 271 157 184 8 270 117 457 81 269 331 216 234 3 224 128 188 162 448 140 476 303 183 53 170 242 55 308 222 102 236 476 16 465 230 326 97 73 180 324 338 64 97 26 378 137 243 37 323 17 480 303 163 292 12 451 319 415 468 477 256 209 484 225 227 361 324 185 44 204 5 454 317 144 15 281 314 425 316 324
254 207 87 258 108 45 366 114 32 454 486 61 332 433 49 293 231 124 433 163 205 23 104 0 355 443 423 99 12 122 131 312 334 96 446 101 369 148 55 209 275 458 15 18 139 275 21 352 140 116 85 90 72 462 322 45 354 133 307 176 55 136 21 110 390 411 425 141 73 448 504 474 126 401 89 453 457 109 264 280 505 380 474 324 80 213 186 460 131 298 408 133 264 3 126 117 430 323 272 336 31 94 295 204 210 433 289 435 263 108 129 42 142 479 461 282 211 59 44 201 109 29 168 96 68 272 261 97 76 475 425 473 456 380 270 93 282 425 118 499 458 397 30 245 471 363 428 262 495 458 433 195 262 18 499 494 171 126 335 362 232 90 135 328 221 314 246 294 138 476 118 12 65 404 306 478 450 391 377 462 256 108 342 367 224 169 62 149 102 390 208 235 505 20 90 219 79 442 372 441 29 19 365 442 2 161 238 365 429 458 231 161 383 377 394 278 432 220 318 285 168 320 404 297 485 53 3 248 232 467 47 13 505 21 118 272 33 26 384 102 417 169 152 128 370 26 296 38 194 441 129 314 502 241 335 56
258 241 68 127 403 279 264 319 343 220 495 308 366 468 167 388 25 356 349 369 437 73 348 201 433 39 220 469 72 143 363 455 70 420 165 264 397 504 188 403 428 240 307 439 350 344 13 46 184 337 457 259 401 477 128 304 366 14 143 63 288 101 111 344 271 270 504 344 383 120 205 169 377 205 398 380 438 409 150 367 212 113 132 127 458 38 499 472 348 405 419 317 68 17 457 374 292 445 272 217 77 336 105 225 40 182 93 449 230 454 229 315 481 197 36 261 316 96 458 493 407 187 353 253 42 225 209 105 246 151 46 435 235 144 464 246 1 28 334 107 125 296 380 482 443 112 12 139 295 32 294 352 504 401 359 324 75 189 434 343 215 30 425 359 209 254 397 374 382 327 408 228 112 129 58 72 321 503 180 355 337 48 130 156 276 91 35 421 350 183 371 199 385 239 313 446 330 53 107 340 297 221 402 47 282 75 428 354 154 477 160 155 255 215 357 278 435 128 310 296 308 236 335 140 208 339 261 194 40 76 444 389 181 395 164 280 475 41 312 469 235 260 67 163 196 13 95 412 225 255 15 420 25 225 407 219 258 151 308 293
258 34 41 99 288 273 277 6 487 97 499 308 456 33 203 162 11 386 294 186 330 375 331 42 421 341 232 249 397 162 459 318 27 283 46 44 230 435 398 273 333 330 55 343 393 6 315 299 344 402 238 373 421 421 225 58 501 375 274 459 257 73 59 24 496 74 45 412 480 344 119 91 345 126 8 375 98 71 501 505 448 380 308 175 453 102 335 501 257 27 484 239 410 177 144 306 409 65 62 387 128 345 103 309 291 352 438 256 332 316 231 18 161 50 73 487 174 74 474 41 9 258 234 126 243 450 245 343 125 182 191 489 268 95 22 209 289 393 39 382 75 41 488 58 207 89 211 9 186 414 423 106 48 506 25 311 176 191 179 78 3 154 180 278 136 45 180 499 400 310 84 293 492 405 119 490 31 497 258 492 494 104 143 391 481 270 136 32 501 16 356 253 104 462 510 286 416 238 258 202 150 180 422 260 310 371 42 258 319 462 81 279 346 428 220 319 42 141 291 227 250 278 478 177 312 184 336 147 107 504 446 323 65 179 45 274 259 217 485 147 116 81 329 475 474 385 147 198 397 473 201 205 400 131 82 112 293 240 238 360
262 87 130 268 485 299 123 73 220 68 326 78 433 406 483 161 476 342 164 323 496 53 239 309 452 52 393 192 282 223 202 63 369 216 474 215 458 323 252 215 511 416 212 409 331 351 107 194 284 382 412 180 323 473 250 426 188 136 12 172 431 441 18 487 82 430 239 78 25 70 393 465 81 407 175 115 157 194 268 484 232 125 213 228 490 424 459 141 474 485 36 387 241 503 223 2 355 230 389 244 288 165 107 428 27 230 221 272 42 368 432 149 506 200 209 260 468 218 484 341 79 59 504 305 29 34 193 351 111 366 279 271 327 356 468 371 29 180 80 223 416 115 122 333 516 376 211 39 418 475 331 378 75 371 163 318 481 255 377 255 308 1 418 240 72 103 28 520 409 163 105 43 188 11 344 516 42 353 495 69 35 488 359 347 87 298 360 277 215 418 11 338 515 296 149 161 268 204 291 259 19 11 371 290 85 350 497 34 514 340 446 59 394 430 186 282 343 208 22 196 148 340 183 265 254 93 493 124 117 215 130 216 444 522 101 347 513 281 399 288 169 39 299 137 86 450 304 340 275 301 386 300 155 158 134 103 520 98 95 257 251 391 218 497
274 87 49 243 213 103 152 92 177 430 147 10 123 408 175 128 40 102 327 362 228 476 377 47 287 306 348 545 280 505 430 378 367 404 256 18 40 323 545 215 56 235 473 295 256 512 282 32 8 454 409 538 150 427 229 116 510 121 411 372 5 42 360 180 441 129 462 202 276 138 47 322 52 160 499 16 336 418 201 472 315 341 406 546 158 545 287 204 362 119 304 340 306 175 543 103 84 410 252 17 84 281 185 336 377 455 188 526 393 401 329 486 279 307 448 443 340 461 153 304 109 23 303 488 474 306 92 143 322 62 83 407 211 527 172 370 346 160 528 305 139 364 360 51 4 110 461 291 145 511 363 443 146 393 334 110 518 534 266 94 137 7 256 213 416 216 25 339 540 8 502 69 174 81 20 361 179 479 150 11 99 456 443 282 305 424 72 432 71 188 411 468 97 154 117 374 104 317 39 491 51 475 280 144 233 410 220 500 6 270 384 493 482 488 131 58 508 350 480 31 189 119 416 306 347 377 422 529 225 308 269 312 472 214 346 288 72 531 2 264 481 247 146 455 132 456 125 338 363 194 253 366 432 227 59 64 76 249 370 326 397 312 223 435 332 531 272 538 434 382 288 309 267 196 472 76
274 249 128 312 518 23 318 293 371 233 350 29 91 57 125 24 329 372 147 36 170 506 226 238 224 120 174 463 45 112 34 361 217 222 154 494 262 3 21 451 543 59 408 290 487 493 99 274 425 315 24 473 229 475 66 243 268 409 221 72 471 115 515 472 277 475 211 258 280 482 299 299 443 528 213 412 409 7 44 337 464 352 324 3 364 276 246 463 304 362 274 251 54 202 489 159 26 406 181 299 508 27 203 192 356 514 304 107 327 8 357 127 201 72 302 1 532 377 92 209 440 459 339 468 238 120 198 503 214 313 442 68 137 484 185 545 220 252 213 175 487 83 128 449 494 236 144 154 270 419 162 448 474 544 63 316 363 21 325 426 127 172 209 202 252 39 539 305 479 245 39 249 39 339 332 191 124 123 259 467 469 400 462 449 317 462 464 180 541 242 440 218 298 471 341 220 358 47 158 347 0 433 113 145 199 425 49 277 36 223 52 310 69 477 460 146 292 30 43 228 112 520 418 367 62 510 164 213 334 507 102 46 186 135 380 137 467 115 167 242 347 517 121 210 413 28 2 233 318 315 532 6 194 536 287 103 72 193 141 41 185 201 164 44 480 539 319 490 407 510 121 387 195 413 433 130
278 142 65 70 156 408 170 495 385 453 448 27 446 341 178 365 445 44 527 275 113 326 267 142 239 245 287 153 102 465 369 363 45 142 27 356 417 394 144 530 442 90 394 39 103 262 95 103 130 177 11 321 343 96 3 428 276 137 258 184 325 351 458 501 272 192 225 149 280 379 46 259 179 282 52 550 50 114 205 526 161 291 124 253 381 446 249 327 382 35 176 51 166 210 15 342 10 137 339 441 445 519 323 255 40 497 533 380 283 205 91 82 226 413 86 203 170 270 498 270 63 454 133 188 553 444 106 73 330 470 501 530 404 60 204 133 220 351 275 486 119 544 348 392 179 517 328 251 497 489 404 157 213 174 64 457 8 544 185 304 435 405 362 15 403 133 456 314 378 316 489 140 15 112 502 264 509 383 493 485 489 363 78 218 424 229 233 113 462 151 75 551 54 451 117 129 423 403 431 55 113 134 299 365 150 173 240 9 49 71 412 465 205 217 349 436 257 36 528 147 272 414 273 119 358 427 525 380 384 49 236 397 199 528 539 33 2 446 336 54 217 150 194 506 97 476 403 22 466 539 444 99 399 117 14 2 8 242 264 31 549 10 74 199 285 462 498 313 132 238 418 289 550 545 389 302 469 388 216 403
282 273 349 114 22 194 70 242 407 282 330 444 370 462 210 223 362 398 553 261 261 411 330 38 496 387 142 375 45 244 189 246 63 342 356 277 297 469 229 294 161 193 544 121 178 109 394 332 127 82 300 211 371 236 396 544 491 340 487 197 519 215 172 275 238 322 539 450 140 150 321 283 518 327 40 19 50 189 469 476 153 361 444 230 145 84 425 103 12 419 530 15 152 343 9 209 272 45 330 324 207 284 438 361 491 208 238 274 108 80 467 87 136 482 473 81 84 371 173 527 86 3 173 207 484 425 531 382 288 388 197 469 410 390 438 244 386 88 154 11 498 442 396 518 512 462 119 447 303 380 209 270 424 133 465 390 62 441 190 493 448 83 162 515 388 181 23 271 149 307 241 143 335 491 471 540 38 139 100 201 358 261 265 161 98 387 494 557 246 234 9 402 159 514 152 67 557 249 246 534 358 353 475 148 186 445 71 211 558 408 337 295 71 525 157 243 285 114 191 226 345 79 469 150 92 455 476 69 486 41 7 351 256 82 384 391 24 539 433 161 64 419 542 207 508 424 358 84 116 95 561 101 171 39 423 474 499 178 307 225 494 177 190 339 542 194 180 28 279 96 513 92 389 490 26 284 537 429 361 6 224 423 416 482
282 112 351 201 437 37 251 362 68 380 517 238 168 210 173 85 274 44 158 203 37 315 112 284 353 497 334 449 275 283 188 495 267 169 335 111 397 358 103 76 311 222 497 126 211 319 395 456 120 226 199 310 9 27 156 343 326 320 347 9 438 416 270 73 10 204 195 265 295 3 557 2 167 541 93 183 551 495 105 349 554 78 220 87 365 177 135 12 190 280 5 318 354 306 197 391 244 55 532 287 439 201 550 515 273 185 197 172 39 84 309 526 459 310 58 188 323 45 166 516 4 253 283 128 218 211 383 157 536 396 282 88 421 172 358 53 98 367 518 151 472 531 232 501 357 41 275 436 317 95 255 31 252 501 79 222 106 163 349 17 533 211 55 272 343 19 339 357 375 190 143 467 87 64 456 159 368 495 562 494 157 393 258 7 453 473 505 193 274 337 270 529 516 255 477 526 490 390 397 297 145 469 334 375 227 216 311 97 271 253 424 536 525 117 451 25 110 128 188 561 42 430 394 164 556 561 165 522 341 161 354 333 433 187 195 395 274 473 563 498 333 267 20 331 461 60 37 314 217 284 100 15 217 353 70 339 331 437 103 181 100 434 289 15 40 219 91 79 345 40 58 171 393 123 362 90 233 547 50 168 129 492 14 186
290 67 545 106 470 400 542 471 273 370 447 568 11 209 268 403 230 17 432 311 457 434 524 343 296 69 176 20 166 555 108 286 253 523 229 386 406 235 46 278 255 2 191 557 129 579 206 444 329 487 473 47 412 229 165 108 41 34 163 87 376 391 255 569 30 102 140 412 241 109 183 40 321 354 434 75 36 187 129 4 146 311 531 47 268 128 176 343 493 237 264 436 200 166 271 560 474 242 59 391 361 364 113 485 388 365 300 366 240 240 29 244 347 458 96 575 373 267 276 92 428 446 477 308 71 429 539 489 165 215 462 69 384 131 302 342 566 426 238 500 575 300 23 168 261 296 320 194 74 239 60 0 511 545 202 452 562 399 159 543 373 436 197 244 539 360 297 316 267 138 15 364 360 303 282 418 305 39 495 489 330 170 164 104 338 16 571 377 213 432 513 319 19 471 456 22 168 12 157 236 466 366 69 401 404 380 192 250 203 59 7 394 13 101 576 262 528 1 2 324 490 98 46 260 497 206 68 507 153 362 509 562 569 574 575 227 492 514 274 481 31 231 338 128 298 1 261 448 222 324 497 368 370 292 165 7 148 378 324 50 423 127 92 9 576 493 387 64 361 33 44 86 261 84 245 138 415 577 450 387 385 112 547 228 320 147 569 448 500 503 135 255
294 292 245 180 525 561 324 268 413 267 101 426 552 235 135 356 39 264 110 583 338 417 138 472 519 457 333 507 416 330 130 250 416 227 15 252 79 457 303 543 97 292 237 566 502 569 71 34 323 414 154 77 369 4 276 245 352 117 491 268 269 511 496 287 25 248 205 206 60 121 432 444 465 3 458 356 310 531 134 193 466 553 382 147 397 229 376 532 439 273 281 368 184 140 161 30 580 424 549 558 96 247 473 501 222 74 148 499 36 53 477 379 182 21 22 577 490 211 108 336 510 136 187 454 545 110 116 238 296 101 206 23 320 411 461 290 84 115 308 537 33 474 578 335 249 358 431 199 540 94 447 51 54 536 402 258 54 476 211 494 63 451 436 192 400 158 305 422 553 18 3 222 466 555 129 157 468 248 368 401 123 533 332 10 140 522 316 86 509 426 32 47 257 518 259 77 483 309 483 20 216 219 111 182 99 451 141 180 384 389 261 506 11 408 7 18 120 292 335 392 51 536 140 464 508 393 512 274 106 47 38 249 334 98 302 459 73 355 78 138 44 278 429 182 137 163 113 100 237 454 398 493 32 191 557 507 142 278 217 530 228 456 495 362 365 63 458 424 483 201 119 149 209 119 35 349 485 511 505 152 276 272 87 133 492 24 429 334 251 396 345 586 487 71 150 472
302 172 3 357 116 381 207 77 10 490 25 103 521 546 492 582 527 337 407 79 369 367 233 212 546 82 16 25 194 434 236 238 509 298 189 69 330 480 125 291 416 206 429 501 125 235 11 317 568 318 73 441 562 543 336 184 575 219 102 350 431 312 301 554 41 288 514 279 544 182 37 482 83 48 491 133 190 54 375 467 552 408 144 486 442 469 417 589 287 66 481 394 259 599 219 409 256 499 209 6 400 224 439 253 72 200 261 190 501 12 189 36 465 227 168 61 511 263 508 478 1 435 163 277 385 566 353 557 85 334 563 64 287 557 123 38 100 551 246 557 214 1 355 232 162 68 148 603 316 341 268 445 549 251 384 194 595 217 287 441 478 270 61 282 160 102 476 595 472 192 95 242 278 464 535 603 17 291 130 509 107 353 481 195 500 386 312 352 39 324 14 438 197 204 70 323 603 194 319 440 243 453 578 589 444 155 273 155 313 334 569 564 527 186 304 152 601 464 76 436 504 499 375 330 6 145 17 571 246 71 1 139 253 109 272 127 184 203 567 564 522 274 190 344 423 396 517 426 211 199 15 37 341 455 387 155 139 548 578 603 285 203 37 575 285 67 106 483 52 541 532 122 466 58 158 27 592 173 329 207 149 469 85 361 163 532 191 192 293 483 204 603 545 70 42 365 62 440 236 73 243 130 194 275
310 226 608 471 597 449 521 552 378 151 446 191 150 255 428 37 503 453 267 106 43 150 401 201 252 440 406 177 289 563 476 600 359 453 421 287 577 446 33 82 298 62 256 40 374 319 171 30 490 7 386 602 263 489 462 232 458 101 225 160 527 373 141 40 364 189 566 172 367 53 579 191 431 618 603 413 597 178 381 150 230 235 297 537 203 74 4 180 19 463 344 392 21 190 531 112 580 6 572 106 164 131 72 326 129 519 148 5 0 296 349 38 369 494 279 227 568 608 175 211 251 314 145 373 611 168 105 272 424 606 203 235 315 81 306 116 149 551 260 133 600 53 261 428 223 483 284 202 183 336 462 454 239 43 419 202 529 21 192 423 246 485 383 278 72 220 274 254 579 42 205 287 525 582 130 441 592 467 326 601 196 613 334 320 400 157 398 154 593 220 598 76 493 383 52 410 349 600 558 85 415 36 308 332 247 220 518 526 151 58 79 590 360 198 332 460 117 410 146 198 66 551 504 346 199 94 441 327 556 234 261 601 121 116 160 115 189 527 222 131 459 320 383 537 326 345 582 552 305 72 339 341 405 609 181 534 255 589 312 587 497 278 217 480 400 343 321 271 315 191 486 95 176 265 87 367 566 120 580 479 243 346 66 246 281 374 335 378 452 557 401 435 275 141 61 284 360 206 537 338 155 460 477 96 328 249 101 247 113 109 330 460
314 139 562 413 404 218 605 506 220 401 90 15 569 586 341 262 71 323 547 465 338 35 530 306 160 443 269 596 302 257 233 319 123 505 97 56 163 98 619 150 334 368 27 617 217 392 379 116 69 21 254 171 450 128 409 61 322 370 129 60 334 230 95 254 623 585 426 312 241 267 503 150 233 329 567 414 299 509 422 320 533 310 90 504 303 149 263 23 147 174 103 271 166 205 171 524 514 587 141 513 71 25 458 2 174 588 232 498 118 515 297 115 26 85 297 566 579 88 234 380 338 239 328 216 113 73 263 150 229 102 434 250 85 323 132 98 52 355 236 153 99 170 576 422 614 537 499 256 441 521 174 25 9 156 291 328 46 231 360 286 439 603 596 259 111 195 281 391 242 459 315 43 542 351 517 323 119 278 4 141 560 403 442 493 225 358 602 319 332 265 29 133 145 459 270 620 495 360 421 211 268 134 99 319 35 503 126 551 53 575 545 570 328 70 553 530 94 365 95 272 490 356 373 105 589 123 414 134 522 1 290 373 411 329 279 275 207 500 564 284 261 464 196 459 102 178 304 140 285 226 448 613 530 49 474 10 83 282 28 310 472 440 108 226 430 116 476 507 493 483 422 172 247 587 347 524 610 431 214 518 186 544 23 319 367 460 411 97 267 397 502 426 411 361 443 363 265 141 73 541 214 428 234 443 164 562 288 333 138 445 41 103 516 424 509 351
314 237 261 455 592 299 247 588 269 245 445 283 148 557 389 488 23 229 256 274 326 198 527 348 204 618 426 590 290 416 357 369 327 103 523 7 612 587 444 238 479 183 594 45 416 215 378 436 440 557 386 625 440 291 350 38 331 227 469 265 454 205 411 304 182 75 85 425 213 610 336 290 404 466 72 612 573 99 309 304 300 77 349 314 291 484 484 331 103 287 385 490 17 537 351 416 443 428 461 231 313 256 197 259 192 389 497 497 418 345 81 493 361 124 24 448 197 264 398 373 434 224 388 208 84 141 104 489 189 169 264 181 40 208 12 288 534 168 410 504 379 221 296 216 484 561 430 73 101 176 153 492 376 421 300 475 377 390 242 65 552 59 445 427 454 91 452 268 239 128 115 527 109 100 333 283 425 365 450 243 72 426 189 93 52 60 204 186 306 622 36 189 576 581 332 337 147 26 548 478 416 116 341 15 514 488 294 57 544 186 244 409 289 444 398 48 584 28 292 357 137 85 369 626 404 517 283 346 79 430 206 286 391 624 195 346 517 475 513 593 499 343 239 241 9 445 6 526 586 285 385 614 624 549 252 502 456 457 46 333 270 177 486 266 346 371 232 504 431 552 14 281 586 329 18 64 215 303 591 2 584 10 331 451 47 460 560 317 606 286 177 399 322 538 368 105 408 104 588 391 459 161 455 499 464 252 462 491 541 289 336 52 493 232 396 593
318 59 525 39 143 631 303 165 110 206 381 268 467 82 211 223 402 46 251 430 551 348 469 277 122 545 332 568 138 485 250 246 157 457 459 121 286 125 550 402 230 223 363 612 182 525 246 182 469 270 428 506 522 200 146 99 451 364 492 568 202 513 505 244 427 211 377 258 284 482 223 548 523 464 485 142 367 424 392 103 561 8 304 272 609 301 144 432 396 93 465 527 602 499 189 455 403 599 429 548 376 258 85 253 581 425 234 75 150 411 80 211 218 102 90 417 414 534 112 326 327 212 126 579 441 422 431 141 123 493 427 416 435 440 116 560 466 315 269 406 602 329 152 123 545 457 45 578 590 590 418 166 79 121 541 357 316 119 316 480 604 523 277 309 615 94 60 33 425 519 51 553 445 454 95 112 151 168 635 184 599 78 187 569 49 244 303 200 541 297 152 99 252 457 573 542 628 143 483 0 204 406 258 415 594 144 514 443 280 494 387 170 251 533 391 492 519 525 83 534 131 249 29 387 344 388 47 154 251 427 0 39 537 311 204 315 622 12 213 163 110 565 478 319 102 141 80 435 389 327 340 130 243 611 172 310 297 214 349 339 62 437 480 51 288 580 118 87 175 408 322 321 437 235 407 171 72 549 53 6 137 98 316 453 370 287 484 36 593 216 29 36 13 462 303 57 468 605 117 531 160 407 541 458 258 360 389 208 16 267 55 190 149 97 73 303 544 310 237 120
318 146 435 105 630 114 167 335 177 114 292 166 435 156 229 170 20 213 376 568 486 362 586 30 37 125 596 539 187 624 280 547 226 141 279 599 165 553 282 19 133 418 327 458 150 252 423 299 378 538 80 126 598 8 60 119 140 430 310 23 247 341 172 239 397 252 300 601 98 67 180 299 543 302 354 72 615 162 545 291 286 288 573 178 126 494 130 97 174 414 58 314 24 506 389 376 223 39 219 267 230 376 272 299 486 524 382 587 540 285 255 17 183 438 489 298 231 236 119 48 286 340 116 516 609 470 523 268 145 285 167 57 215 121 210 25 573 467 14 405 114 522 615 616 584 450 245 254 552 503 90 525 625 204 399 484 32 399 82 391 433 168 570 320 388 532 369 20 580 498 234 359 468 35 147 87 274 486 537 592 631 608 259 530 403 226 330 348 384 128 294 216 528 395 132 65 126 469 549 533 41 201 412 66 398 449 469 49 425 445 587 306 211 533 159 608 308 469 370 362 380 138 347 69 9 325 374 29 135 360 231 492 74 435 92 490 477 388 95 112 606 265 154 180 6 39 485 55 94 320 621 16 144 85 56 347 635 244 478 298 370 575 457 166 491 140 9 413 388 591 72 195 525 505 459 132 365 58 151 409 78 70 277 414 559 53 547 275 623 353 154 422 626 275 154 12 18 448 74 431 89 253 216 252 116 36 119 562 318 315 488 123 146 564 458 611 527 51 440 449
322 91 113 359 278 236 416 639 603 415 210 120 97 516 70 183 436 385 435 456 130 25 501 529 415 326 218 422 628 465 380 362 606 335 166 455 452 590 615 510 604 397 128 233 415 326 577 160 524 149 592 55 593 529 96 0 223 125 22 240 618 226 575 166 538 400 246 457 30 515 643 451 56 99 325 361 519 638 260 639 541 603 478 448 528 466 332 276 587 415 560 385 286 239 204 34 263 297 448 87 574 155 632 492 87 243 405 130 266 5 495 566 186 143 273 385 185 533 523 401 123 349 86 157 466 149 529 169 466 224 39 356 259 238 160 512 301 635 223 387 476 517 399 572 78 490 125 143 332 208 326 190 197 67 499 139 484 193 471 261 365 85 246 370 584 96 232 207 225 398 489 323 412 232 232 358 586 310 194 525 80 146 174 159 79 548 624 10 21 161 445 589 374 604 226 50 543 235 487 378 410 44 100 471 91 125 467 9 486 145 341 109 70 554 465 75 92 396 570 379 77 604 51 635 85 344 219 499 577 581 302 623 472 492 629 409 153 451 304 395 150 127 52 605 109 599 97 445 583 322 637 363 416 34 292 444 22 13 609 139 629 470 513 573 250 401 269 573 116 406 500 369 230 352 173 524 482 220 25 439 470 463 579 381 574 458 620 112 114 91 607 464 19 8 428 344 134 0 112 430 205 148 336 401 367 576 70 592 220 10 492 466 637 634 69 435 376 268 117 405 60 578 226 418
326 5 648 468 291 9 465 21 618 456 163 614 68 511 95 72 373 386 477 455 270 73 252 569 461 500 393 458 518 238 616 615 99 607 504 500 606 151 455 456 368 255 102 197 142 44 21 96 181 209 308 89 167 1 98 326 506 10 234 235 360 186 553 577 68 617 424 44 196 521 273 355 374 593 497 171 121 584 249 523 238 565 646 366 475 299 283 140 289 624 284 554 380 209 118 626 350 389 231 103 303 522 603 7 191 506 266 565 312 451 522 154 8 387 76 34 549 163 82 138 284 158 350 218 161 577 312 565 54 165 234 430 45 609 326 394 288 532 283 20 252 135 463 495 375 184 357 531 422 327 485 391 254 241 597 552 212 21 128 354 23 385 495 435 431 111 417 121 180 96 569 163 372 650 512 636 454 4 586 533 493 565 151 638 344 283 86 570 334 473 113 400 336 431 59 475 268 30 255 468 101 15 173 490 378 576 370 94 332 41 130 128 529 129 629 394 148 480 604 303 353 361 447 270 17 281 392 219 172 222 101 480 224 417 178 274 548 391 128 41 573 641 24 591 605 414 69 374 359 91 87 376 296 491 295 358 431 130 133 537 203 212 112 156 265 487 35 231 194 453 287 443 546 371 7 463 559 316 219 496 36 71 322 218 322 450 381 67 163 175 312 525 436 366 204 171 347 8 131 356 524 540 439 45 10 199 428 305 539 487 229 565 427 236 15 61 350 68 374 605 363 182 422 437 112 260 445 211
330 108 291 410 57 23 366 621 101 406 498 92 364 296 99 305 140 270 506 166 157 506 552 137 107 503 266 624 588 9 397 580 162 412 300 496 340 92 577 55 547 211 52 357 363 330 644 454 322 145 71 334 73 287 98 482 651 366 48 73 58 475 272 591 237 256 325 640 407 7 427 440 293 487 125 207 535 217 426 267 167 594 274 138 615 634 371 605 429 454 121 353 227 623 394 526 532 515 494 112 636 79 634 266 257 492 41 462 113 532 108 267 562 192 451 87 636 162 115 87 357 240 20 24 476 328 492 479 385 385 341 79 206 567 634 30 442 43 235 482 66 380 77 50 481 46 513 494 466 255 570 631 126 112 590 319 525 651 215 559 312 379 76 383 423 266 63 650 441 262 176 508 277 349 215 334 155 296 433 555 498 283 543 620 272 419 329 526 605 544 162 311 249 399 54 512 594 573 72 607 70 404 45 292 88 363 331 544 442 90 294 334 22 403 201 284 598 406 635 416 277 219 192 614 194 416 409 621 254 198 535 480 130 98 503 59 21 47 377 638 80 301 378 400 178 448 51 515 22 276 337 629 612 236 69 239 550 505 199 553 406 50 269 253 560 48 174 265 273 233 387 191 52 462 116 65 434 505 527 161 66 138 106 363 462 478 7 68 252 149 139 272 259 476 39 328 481 548 353 634 613 97 444 532 550 353 253 291 486 79 382 581 570 481 131 432 659 324 102 227 276 227 331 426 645 632 73 235 641 450 234 344
334 63 109 229 524 47 471 507 387 73 444 70 272 26 64 173 596 560 52 588 538 18 89 349 283 610 105 375 50 421 240 543 405 21 131 360 600 295 665 585 34 458 387 552 419 279 489 11 574 39 371 565 484 137 193 549 456 590 573 558 22 434 506 567 290 508 463 237 414 659 302 45 17 377 615 593 188 629 519 366 171 470 232 392 574 469 521 155 305 594 368 44 320 402 99 561 488 147 108 434 590 346 299 191 315 157 76 240 73 639 303 165 439 99 103 76 634 608 53 250 664 168 631 545 647 231 160 578 554 528 44 472 633 620 146 576 629 50 203 271 21 215 607 83 162 398 349 478 40 415 275 262 30 259 542 196 103 639 174 466 214 121 629 434 209 440 228 190 209 434 147 638 309 289 625 378 185 312 239 480 613 165 395 522 641 54 109 339 148 204 487 448 514 331 449 374 138 149 649 196 313 4 456 616 196 470 647 605 408 40 617 222 140 222 75 142 287 638 330 297 567 378 487 429 186 101 327 450 203 239 13 102 105 604 116 583 212 218 181 532 516 153 486 231 278 474 480 415 357 385 318 365 277 8 65 567 238 546 327 383 219 53 145 418 47 476 427 612 168 613 429 97 471 205 165 433 73 654 147 302 210 395 530 326 292 231 318 452 667 375 250 417 375 359 624 476 104 104 584 660 536 563 33 235 509 475 363 12 364 555 557 6 67 74 522 205 428 523 276 305 239 86 518 215 412 161 4 163 461 10 401 351 109 306 167 139
338 247 281 288 618 507 611 374 436 370 114 422 317 637 610 386 467 245 292 434 157 99 255 160 178 396 509 462 275 38 509 172 587 560 160 414 91 509 638 98 633 33 495 554 541 108 337 409 535 447 367 670 176 312 619 410 196 102 145 545 417 140 370 622 305 568 78 277 336 252 17 484 156 61 602 19 481 229 258 261 540 669 291 410 355 16 610 635 52 107 596 318 24 346 307 13 54 494 490 403 142 541 359 549 250 523 415 60 235 406 291 122 485 607 397 305 417 633 273 481 11 317 61 305 255 168 214 85 406 115 643 259 316 447 238 668 78 237 135 458 383 279 317 148 615 223 177 334 656 636 254 195 79 299 127 318 621 503 150 291 51 623 343 104 34 38 234 8 614 292 219 525 269 170 78 208 398 562 613 512 480 205 16 568 463 306 548 485 448 535 20 670 596 136 423 595 212 192 42 484 396 56 356 428 660 24 15 300 631 23 674 311 390 113 191 395 430 75 442 550 645 280 409 537 612 654 427 603 7 294 143 549 268 115 329 423 181 432 12 420 573 541 136 189 49 354 387 587 545 667 356 55 656 273 617 125 411 201 659 559 461 575 179 348 197 175 418 495 243 554 526 324 129 190 613 70 654 580 315 613 481 419 10 539 183 449 33 93 56 220 173 12 660 611 207 226 416 523 339 271 557 114 369 289 361 409 247 162 116 119 599 317 478 599 499 156 592 658 246 29 672 233 160 611 657 351 2 504 607 438 221 418 3 322 227 535 219 568 199 130
338 154 155 563 569 433 373 82 171 656 188 294 474 86 37 664 407 164 631 101 229 407 35 400 604 493 137 422 105 18 106 82 149 15 5 463 63 564 51 354 114 438 354 453 54 438 587 38 616 100 101 305 427 257 311 136 199 461 142 598 242 260 79 636 202 481 361 530 270 112 366 509 29 23 648 402 128 85 477 66 662 39 128 548 139 183 83 207 540 177 553 659 219 89 308 535 318 25 584 346 338 649 22 17 576 634 675 550 129 216 208 12 325 69 453 356 475 109 303 41 601 126 386 1 265 450 315 153 122 656 663 222 231 366 39 263 74 335 394 579 15 523 553 618 276 316 412 47 472 622 96 364 260 469 627 197 479 47 162 172 291 582 294 136 376 131 532 330 246 667 96 154 351 611 27 183 354 577 218 403 590 566 310 395 86 308 574 278 618 147 316 580 71 459 665 18 21 217 362 464 82 290 467 28 341 26 140 211 512 624 466 260 530 139 326 609 467 245 340 532 125 429 486 591 119 432 138 357 49 98 337 395 107 149 614 176 671 224 198 647 665 189 392 385 90 228 67 104 619 409 100 306 127 241 10 139 285 201 63 297 548 214 40 650 282 66 493 120 398 194 409 391 300 36 238 543 631 347 308 568 18 633 407 595 85 19 147 647 199 211 19 558 296 444 209 149 622 224 201 46 231 110 621 533 363 573 163 567 416 424 321 398 320 154 670 355 413 461 315 568 579 304 278 113 179 670 83 51 259 77 612 579 218 663 247 602 550 161 595 504
338 303 285 605 422 339 565 508 503 645 102 274 455 100 525 62 598 335 602 102 225 639 367 305 369 566 125 482 636 430 65 609 500 398 658 296 395 473 386 175 631 656 11 233 16 553 211 601 434 384 473 295 464 664 224 261 250 294 216 336 231 583 296 206 374 573 95 289 526 485 264 575 340 124 251 287 358 619 404 93 19 28 309 212 182 218 336 124 276 328 258 513 283 215 249 413 548 408 390 64 470 206 432 34 605 606 429 76 11 551 5 537 609 481 502 420 570 326 549 429 91 406 612 258 178 400 3 674 336 442 628 520 330 35 638 28 201 278 399 638 113 267 131 63 156 550 461 267 405 338 142 80 430 626 3 3 649 480 587 176 353 307 142 573 597 441 617 528 597 396 451 190 340 26 466 536 79 373 423 595 256 543 470 400 357 216 332 200 174 344 461 580 657 265 22 619 298 83 239 530 177 543 454 498 522 134 604 600 291 307 654 496 658 237 159 571 292 389 448 388 579 363 651 153 428 105 356 89 463 256 396 417 318 522 151 392 656 101 618 655 437 398 544 390 87 569 513 334 196 561 541 481 592 290 97 310 459 107 500 293 331 611 136 300 403 481 598 505 514 471 577 139 471 523 275 215 522 449 236 58 256 633 87 94 274 546 484 395 487 294 376 531 173 650 417 27 120 300 377 638 430 186 61 348 273 675 265 209 188 564 237 564 641 329 493 307 259 27 241 53 257 333 176 456 509 229 636 236 173 246 292 230 113 339 104 590 369 6 485 527
346 156 446 562 125 653 497 125 340 12 334 464 689 169 55 3 285 68 25 510 7 64 538 675 582 566 154 105 126 203 486 591 312 330 46 39 680 359 392 249 443 578 636 227 437 150 568 419 575 670 311 511 115 191 346 126 259 6 249 19 229 493 310 77 337 579 325 11 350 98 315 459 27 152 293 308 32 604 271 686 331 36 490 138 36 550 178 446 475 475 592 624 149 454 616 482 41 353 380 530 602 289 678 690 168 341 666 123 232 675 263 610 468 228 545 25 300 648 255 427 471 129 292 103 39 432 255 138 265 685 496 459 610 345 674 303 374 341 253 455 460 186 376 354 574 544 538 634 155 61 628 642 290 566 552 687 488 599 476 3 329 328 422 556 41 290 446 196 323 635 403 74 292 560 534 397 298 576 543 526 45 554 361 164 8 244 509 488 64 193 191 556 77 357 289 566 48 412 516 419 97 205 679 323 526 216 136 36 85 496 341 85 292 593 380 20 63 125 155 38 88 594 116 568 584 188 99 434 21 88 20 633 191 446 598 112 475 112 294 161 52 111 419 353 411 177 653 95 150 377 398 584 38 140 98 417 367 376 458 538 140 576 392 68 420 122 478 11 51 381 387 539 619 272 422 310 526 128 626 388 543 297 46 630 419 577 381 206 586 626 159 531 143 680 403 55 217 30 633 507 103 664 96 435 198 309 491 266 117 231 101 378 174 630 8 81 456 689 383 657 21 489 292 156 337 505 44 433 364 177 353 14 281 363 388 91 402 518 632 393 27 529 24 253 337 316 11 152
354 116 68 108 344 664 234 145 285 103 529 299 240 510 40 7 371 498 445 476 619 480 419 27 44 259 631 282 702 353 604 449 386 498 523 42 664 695 476 590 352 336 346 404 558 361 30 397 501 131 177 330 152 589 503 245 421 677 55 146 692 75 388 457 375 164 95 234 109 604 388 415 362 133 107 386 163 414 668 291 431 540 704 497 702 238 277 614 650 571 68 553 265 182 488 364 352 211 130 68 375 1 119 635 504 697 195 707 16 596 330 525 641 520 173 73 249 102 342 145 38 229 12 539 221 240 235 697 74 441 105 608 591 376 42 58 620 212 93 385 466 119 10 345 521 367 168 148 148 180 60 61 630 371 55 638 141 545 508 30 436 440 466 706 137 706 17 495 51 217 276 145 563 574 316 53 415 698 292 626 557 418 189 386 626 498 204 136 194 696 646 139 228 355 219 593 396 20 416 96 619 462 317 246 571 277 189 145 60 707 221 285 558 524 17 397 397 467 1 459 334 476 7 616 189 387 606 91 132 691 545 61 208 330 661 503 404 565 562 13 433 380 13 243 212 16 195 110 333 269 257 299 48 70 44 327 389 188 356 657 28 311 233 551 458 142 85 294 264 531 380 248 397 592 355 109 580 202 191 280 156 586 690 158 133 3 189 145 290 115 109 64 682 316 101 37 681 522 297 590 266 171 283 551 432 695 486 527 543 432 250 392 700 265 10 58 328 497 395 302 70 55 524 298 454 195 261 623 245 216 111 654 586 142 527 274 456 111 143 290 345 495 19 704 489 318 504 380 675 656 53 439 194 283 118 84
354 318 56 355 372 71 226 103 530 184 495 331 564 390 501 453 576 679 311 456 394 389 686 30 553 329 272 422 497 464 502 607 304 84 28 389 540 183 421 449 273 208 552 430 219 595 326 347 135 16 294 385 326 207 166 255 548 533 557 189 81 252 408 267 304 257 665 477 531 369 189 642 43 656 596 320 48 361 591 177 235 356 252 201 613 462 503 253 501 115 16 217 88 395 26 334 418 503 172 399 90 558 384 203 204 306 230 287 600 651 281 469 501 361 366 162 123 682 643 479 235 11 261 659 263 212 690 236 282 638 600 517 566 126 41 413 176 664 4 214 245 674 76 54 28 259 631 640 216 700 600 39 552 424 434 266 295 88 237 512 619 25 550 651 436 520 371 302 386 626 386 149 54 631 464 208 448 574 695 437 86 680 237 62 572 280 237 587 133 251 226 128 642 133 291 608 44 31 438 141 259 679 540 452 43 65 467 205 394 680 117 518 411 285 326 703 76 597 362 468 97 493 620 472 50 94 44 410 506 659 385 606 161 406 464 680 238 510 306 276 142 105 149 287 449 547 120 228 278 599 412 656 458 395 146 406 570 181 435 72 231 574 67 113 352 436 277 575 143 68 390 558 11 484 141 379 341 596 286 188 593 552 3 235 491 694 57 247 693 127 43 44 548 586 623 10 333 130 591 525 16 128 344 459 270 224 285 359 69 501 614 540 248 621 603 186 49 317 123 18 127 311 521 688 670 591 620 327 652 537 241 327 699 79 191 271 593 180 332 456 370 51 470 542 649 418 584 482 246 120 573 433 214 489 203 481
358 189 685 75 6 155 458 679 479 579 215 234 424 183 536 303 563 487 611 606 401 18 383 487 695 487 139 430 591 394 41 688 705 609 605 540 88 73 322 506 64 218 401 16 685 400 637 677 592 65 542 238 476 88 141 66 329 572 464 671 571 627 410 673 489 491 631 691 107 20 458 28 696 692 406 694 173 53 254 189 564 495 5 333 273 187 516 595 47 74 131 522 544 342 137 283 53 205 401 342 183 120 177 679 686 216 359 643 648 353 53 678 212 651 378 522 538 14 149 288 654 325 390 218 637 187 124 207 313 543 260 1 273 42 368 624 379 196 228 191 417 558 618 326 681 98 594 307 571 148 683 228 193 510 175 596 510 437 616 338 296 72 461 226 74 288 659 132 139 533 370 224 241 528 18 312 696 701 201 179 593 315 665 477 213 652 687 325 278 452 143 115 71 204 29 508 563 92 324 205 713 705 377 622 213 655 657 461 270 607 501 208 655 614 462 16 167 55 641 32 125 666 125 115 272 346 463 388 670 648 85 421 478 176 437 132 3 315 57 359 446 627 404 469 152 215 704 394 481 117 263 237 87 705 610 393 87 274 394 265 77 84 705 451 120 492 545 520 248 14 160 166 496 182 159 23 1 25 218 346 224 656 615 675 422 495 298 64 385 493 103 504 694 621 222 261 109 667 236 2 147 415 520 89 282 114 543 230 661 187 409 192 490 377 409 224 405 59 684 363 642 714 18 322 675 564 350 522 379 588 1 221 378 296 430 190 521 232 638 530 284 66 549 475 421 709 427 540 15 488 192 711 179 215 9 542 674 11 291 357
358 234 149 471 491 22 234 662 585 646 310 24 290 101 417 693 346 638 290 159 616 208 658 476 590 374 653 598 422 554 108 72 399 686 660 140 142 407 419 546 227 412 178 304 519 511 652 183 507 648 396 40 255 461 327 269 180 576 561 140 364 260 287 674 518 224 50 197 343 268 161 524 715 78 40 122 547 470 699 321 607 501 695 208 96 596 651 233 137 290 668 418 355 274 154 611 387 390 693 531 132 31 682 336 534 341 696 406 556 191 235 348 176 76 519 453 326 45 134 274 253 89 150 642 79 562 689 482 534 249 116 440 265 460 263 620 563 1 599 224 468 520 480 711 329 76 366 114 80 0 354 74 48 603 627 690 499 658 207 247 280 115 582 576 443 356 54 674 196 710 320 460 169 624 713 296 97 588 560 609 168 404 308 92 601 628 7 554 0 669 544 3 537 101 291 414 265 48 608 562 557 560 597 199 303 132 699 577 345 444 476 299 78 576 421 69 619 319 260 460 676 171 38 52 26 90 218 487 154 329 506 467 291 580 708 61 311 411 202 264 84 87 689 1 385 361 366 1 611 602 506 330 594 679 457 275 341 504 443 357 479 318 230 298 191 164 207 140 302 202 292 171 527 323 599 518 255 212 191 521 58 641 425 429 482 225 105 459 102 661 101 337 425 467 217 29 504 372 655 443 55 528 450 564 623 101 606 409 149 252 396 489 568 468 681 53 580 519 33 280 417 290 490 45 403 121 355 483 599 396 647 712 186 200 525 480 333 282 330 443 150 56 348 608 600 691 404 135 319 592 638 602 363 19 86 393 364 49 348 699
362 259 373 325 713 357 480 256 418 603 482 562 159 231 609 281 579 714 703 355 159 11 303 528 399 468 532 196 108 293 184 109 435 684 85 273 472 540 584 458 630 653 156 453 148 139 530 694 35 312 688 504 500 537 123 47 585 592 642 396 29 463 103 332 193 279 421 308 463 694 182 406 535 543 473 188 341 161 302 345 705 373 150 217 156 721 48 536 85 679 652 698 405 433 221 205 604 173 177 240 347 644 580 641 492 290 660 27 83 276 351 631 471 495 119 292 229 214 525 467 197 671 651 639 608 221 278 601 78 313 106 410 311 590 35 693 354 677 26 414 644 157 162 629 449 515 89 182 41 59 499 670 94 347 215 635 496 641 600 359 372 124 428 383 144 351 196 629 269 626 686 362 521 418 229 309 601 463 118 30 309 516 705 382 22 464 596 394 165 439 659 469 147 586 521 31 234 129 513 347 135 460 131 600 439 104 321 264 662 156 400 494 515 599 43 30 294 69 141 150 546 688 176 374 102 40 201 99 299 78 565 541 642 18 655 698 449 386 710 220 480 9 718 441 595 590 66 153 527 440 76 497 246 301 519 194 202 522 524 530 657 287 642 709 319 449 84 23 309 722 293 438 138 627 366 294 402 493 86 492 545 694 196 427 268 434 508 359 228 371 149 387 516 516 250 632 218 257 118 187 618 531 412 249 386 388 355 615 105 617 233 589 51 229 134 693 267 279 685 201 64 714 664 263 110 469 400 15 448 249 340 461 410 400 421 570 590 414 588 145 285 198 633 388 51 147 596 478 371 375 630 203 714 121 519 312 26 668 720 387 107 91 689 19
362 58 193 507 153 6 371 23 410 253 164 547 50 433 538 308 173 353 187 51 607 620 469 265 433 555 699 306 366 442 175 44 100 555 408 559 137 323 92 436 614 41 244 315 684 628 381 554 314 508 312 603 671 162 19 297 268 617 377 149 320 377 325 87 698 620 328 75 529 641 280 527 578 13 603 222 594 31 600 63 655 111 330 234 158 202 104 721 662 69 506 298 618 115 49 649 348 48 14 290 337 388 300 602 103 33 631 204 193 567 608 116 413 134 564 658 609 13 618 16 26 24 448 71 384 505 611 214 667 432 586 360 70 340 416 248 656 311 327 260 224 564 159 34 402 544 390 212 645 82 630 491 32 362 370 85 179 659 605 73 587 105 142 211 414 367 511 478 113 550 380 150 323 653 236 505 490 577 254 497 478 117 676 177 123 182 25 524 587 351 104 176 243 372 114 264 441 56 466 296 332 453 173 339 612 524 262 432 692 181 410 705 406 25 656 533 155 355 355 118 114 260 337 129 38 641 423 499 444 716 492 143 428 345 134 219 126 644 619 715 413 344 617 172 417 230 692 221 219 600 257 421 597 680 479 531 106 390 544 87 324 461 711 335 76 342 488 252 70 565 323 173 71 274 299 722 64 650 420 470 225 665 545 297 197 593 235 34 0 674 48 525 187 281 411 555 105 277 339 343 661 672 56 239 491 452 146 445 534 290 231 288 622 485 526 43 496 660 619 694 112 589 16 204 307 497 586 258 425 652 638 578 623 47 309 115 142 88 174 54 5 516 223 60 310 130 537 460 421 152 614 577 98 305 72 197 73 521 270 343 264 21 163 4
366 297 715 18 54 395 184 465 695 131 644 1 511 288 520 487 719 303 547 716 443 622 500 170 662 715 268 99 325 450 451 192 254 350 245 445 105 465 215 208 28 528 518 46 479 234 330 28 390 243 235 487 628 506 645 200 192 515 431 606 460 135 696 438 445 36 176 287 708 619 543 127 381 675 555 247 308 375 21 496 607 188 645 689 617 442 548 212 511 583 235 673 99 65 606 138 542 201 212 115 210 357 25 346 263 691 110 498 447 153 200 111 126 335 75 568 689 234 33 648 700 81 307 431 627 237 222 300 111 14 89 144 102 452 68 526 505 90 407 666 348 407 362 87 708 87 358 525 415 222 475 331 73 349 416 270 692 48 284 605 148 208 630 617 99 697 662 256 490 429 288 126 346 247 277 242 494 638 115 408 453 459 214 377 667 375 205 353 431 462 220 416 236 461 724 375 90 549 81 25 436 128 541 62 587 232 305 342 544 41 659 448 84 48 514 491 485 75 129 288 558 646 653 18 190 2 116 716 576 117 728 152 54 197 387 315 591 96 644 84 292 31 697 12 656 166 123 619 727 321 413 611 719 547 603 617 689 559 646 32 372 163 648 213 700 694 665 380 516 448 466 37 643 299 65 11 278 519 353 470 290 213 366 259 414 401 719 431 543 69 671 352 110 4 454 489 263 169 380 487 11 206 25 512 352 438 234 320 572 609 696 8 351 631 295 555 373 342 518 341 313 711 555 118 361 358 658 416 14 195 326 123 146 719 15 459 104 53 134 138 0 648 728 407 103 150 128 236 282 368 100 600 12 291 202 215 563 210 238 226 655 575 178 367 471 77 664 185
370 292 492 310 253 734 715 678 452 357 380 163 547 618 238 662 718 672 455 330 420 64 100 154 496 464 251 329 406 170 36 443 236 35 263 473 104 92 487 262 287 541 20 738 287 88 228 222 217 123 190 19 347 739 261 477 186 557 263 641 411 366 484 673 234 202 127 532 554 599 324 611 432 725 653 150 572 484 696 482 406 116 455 21 409 82 432 183 112 507 499 664 711 198 580 172 212 257 616 547 31 331 415 227 452 527 316 421 238 488 465 290 261 547 737 253 700 378 478 219 155 475 88 481 179 702 319 148 649 435 665 282 650 567 195 108 677 734 735 60 688 102 454 39 448 485 527 514 173 303 500 262 578 582 112 715 531 189 139 296 232 640 713 333 508 549 221 522 640 451 255 72 6 271 199 466 193 299 556 250 557 362 78 483 436 594 551 247 721 538 450 83 96 285 409 341 337 526 717 171 610 424 236 728 439 536 538 361 416 126 714 651 707 185 597 532 63 567 239 147 187 47 377 379 449 130 553 209 415 734 319 202 222 28 598 355 346 33 190 426 508 27 604 459 406 621 492 238 50 516 577 344 504 459 696 421 393 430 727 342 702 228 256 656 409 248 251 496 669 161 227 87 478 615 387 342 293 138 262 242 415 581 596 350 224 603 719 269 267 358 186 551 20 33 497 404 618 607 730 467 33 495 355 297 576 235 219 405 402 455 484 151 387 305 469 37 713 196 711 242 237 591 228 607 99 271 145 158 300 219 726 725 65 583 733 99 99 118 0 541 680 390 704 324 213 304 219 198 728 336 390 276 272 292 245 24 71 474 368 220 158 416 183 494 678 591 318 3 155 500 313 227
370 170 169 646 272 160 493 519 475 594 157 225 648 34 147 29 458 688 540 565 100 497 433 356 116 355 676 407 564 512 182 677 690 671 175 28 635 173 62 71 710 707 707 95 151 257 384 487 467 304 558 716 48 29 369 28 572 496 8 522 732 670 284 457 561 102 430 104 374 617 322 103 287 655 558 475 665 474 162 458 246 290 347 339 351 325 632 245 645 624 273 639 149 700 126 691 518 499 581 266 250 478 694 170 728 27 235 26 478 403 312 50 321 548 579 280 208 615 468 420 490 519 250 302 173 119 446 284 5 196 605 26 150 724 309 60 511 90 429 43 405 316 186 444 264 212 216 594 312 89 103 427 733 487 49 445 720 111 729 570 534 666 555 519 355 613 213 604 136 28 389 391 100 438 50 372 354 666 280 321 695 157 248 557 193 120 534 14 460 354 209 54 550 23 315 213 51 675 239 596 127 394 325 672 663 316 15 391 135 733 23 81 264 300 298 111 644 728 209 230 241 8 278 600 654 266 411 612 280 316 699 215 707 422 218 2 615 676 536 224 231 307 151 544 330 324 392 386 45 8 406 156 671 203 153 80 58 588 604 371 104 454 496 632 590 87 556 259 62 394 311 12 310 645 21 599 204 655 39 691 294 494 454 733 722 674 541 586 343 215 535 445 416 288 515 35 385 497 634 636 441 54 357 84 91 211 625 448 376 331 649 638 344 633 491 235 382 588 467 498 156 359 368 61 479 68 729 599 393 469 338 187 631 351 68 282 574 20 290 626 286 12 490 317 472 515 101 96 25 672 140 707 154 257 361 555 79 646 63 517 247 46 444 334 311 447 29 282 502 687 227 133
370 338 692 340 90 404 535 604 237 450 196 376 591 609 563 237 113 75 92 484 16 20 392 8 663 381 611 56 651 577 477 660 133 702 669 105 276 152 217 699 471 359 597 555 133 233 164 137 299 709 116 717 85 63 325 425 209 302 140 36 446 82 619 556 237 635 213 688 566 438 85 362 378 224 661 422 27 186 415 249 605 336 418 655 642 283 286 176 137 6 55 438 455 531 117 412 24 677 46 617 642 556 339 678 323 52 205 223 309 106 306 334 554 55 21 412 14 722 36 206 280 690 121 353 616 310 482 76 563 199 379 255 265 217 219 665 655 728 556 83 289 134 462 211 408 455 566 622 97 345 45 513 7 31 3 74 431 403 458 596 22 219 297 607 519 302 75 665 208 629 50 652 250 276 174 271 16 161 371 103 692 69 227 536 288 120 690 486 207 216 726 675 360 418 7 610 187 52 200 312 145 697 668 388 735 80 410 621 728 416 375 208 144 653 581 30 187 200 616 646 262 556 498 372 419 93 214 355 700 667 604 250 28 199 634 156 393 203 703 157 731 37 228 669 672 708 144 458 261 50 591 407 560 284 710 366 506 420 283 581 714 322 381 60 378 417 602 105 264 134 67 405 310 2 84 268 51 55 92 531 375 206 400 642 222 514 264 172 40 675 707 376 472 516 169 159 573 321 318 314 686 48 387 125 69 257 677 58 290 324 79 437 382 294 295 598 487 190 523 651 145 311 9 508 703 75 237 184 37 551 576 126 381 57 539 735 149 720 248 87 410 721 502 221 617 58 167 684 121 55 340 531 561 6 172 200 463 655 219 322 576 384 205 32 37 185 163 100 542 701 123 669
378 188 45 114 597 664 418 582 517 451 255 205 52 216 43 625 292 246 271 403 229 184 320 447 532 243 534 208 250 149 150 407 677 48 171 357 663 253 595 147 274 647 410 363 24 544 680 516 720 493 344 314 569 754 163 239 484 395 356 725 88 492 562 117 251 645 548 465 26 497 227 325 301 447 535 338 106 475 365 750 310 155 443 112 752 259 101 280 629 505 248 182 471 675 548 693 261 729 424 726 261 370 438 33 246 370 523 149 154 305 187 305 523 607 733 703 309 556 361 203 437 357 108 254 10 723 337 687 438 198 613 720 545 241 18 425 335 149 190 386 510 252 543 204 285 633 316 374 192 170 316 715 407 371 454 457 35 646 223 630 289 229 710 203 456 612 590 259 546 130 163 101 206 36 202 410 116 295 597 120 686 141 371 45 562 120 264 520 244 738 473 406 566 495 695 393 256 23 664 224 84 284 567 138 553 344 512 46 206 586 234 531 608 506 232 694 189 65 410 152 0 374 596 28 322 424 142 249 719 228 37 447 651 15 138 438 460 286 704 573 119 537 176 57 633 34 495 7 435 433 392 18 410 722 111 722 215 437 242 268 369 189 119 596 196 365 232 507 358 663 91 333 607 380 242 717 208 164 636 498 521 353 269 117 163 510 424 534 35 533 687 100 317 412 126 36 678 354 462 394 726 723 211 463 229 140 474 600 660 63 498 380 71 656 549 471 166 443 281 585 665 250 612 250 130 140 28 364 689 90 579 375 32 351 148 625 119 641 369 487 393 249 262 489 32 417 601 249 124 305 704 679 240 591 432 179 209 570 752 181 149 76 316 189 723 117 359 241 568 709 383 592 245 206 53 711 714 156 400 464
378 171 677 437 478 468 426 630 328 199 212 17 346 36 123 442 80 383 365 67 583 358 429 419 168 54 271 68 454 211 623 131 578 15 445 619 410 316 527 723 78 687 419 403 99 0 399 367 186 508 166 452 5 87 627 451 505 564 179 81 706 218 713 52 439 136 388 661 587 144 752 646 711 724 689 168 198 282 35 286 274 529 433 123 623 616 641 138 195 396 338 315 301 129 112 145 490 204 90 101 688 118 685 36 579 528 68 314 702 632 496 319 532 674 503 419 424 489 411 319 99 285 453 647 124 156 710 610 375 726 131 252 306 467 342 410 29 158 466 254 386 441 277 362 223 619 508 477 472 496 420 533 317 508 475 656 380 301 179 84 541 540 54 370 728 573 367 598 215 576 532 658 695 665 533 36 701 331 323 321 711 729 411 349 89 744 163 728 68 587 69 424 22 561 638 465 439 502 635 104 223 575 445 542 475 466 39 180 720 131 131 575 253 493 225 540 551 724 362 86 28 192 504 639 446 615 403 482 200 367 213 653 591 596 467 433 237 73 449 456 297 61 203 215 308 75 250 486 741 112 602 676 482 643 67 250 145 164 260 617 310 547 721 275 97 697 455 399 604 138 711 719 58 615 709 685 2 243 254 193 653 261 634 566 698 269 475 337 346 63 180 603 323 333 500 571 446 128 532 218 704 346 628 31 690 157 427 532 385 736 651 335 618 642 4 666 58 76 418 81 151 78 457 9 684 310 233 434 501 93 673 67 175 273 100 702 737 571 688 205 488 689 316 279 57 720 458 610 361 333 344 665 298 174 172 155 563 115 401 650 303 472 161 524 57 498 286 180 560 182 695 527 542 223 682 651 314 0 279 326
382 333 479 621 94 42 324 291 309 272 589 199 654 44 746 411 202 105 90 155 741 216 682 166 751 605 386 2 306 404 384 180 8 697 506 58 647 86 428 611 234 171 187 295 262 377 590 301 14 638 546 565 195 127 316 677 571 280 450 49 38 570 312 255 727 704 549 303 176 734 763 366 471 430 351 707 329 756 382 244 265 622 658 220 170 221 496 642 260 235 469 213 418 292 110 704 8 672 371 211 446 636 582 325 513 93 616 270 401 441 337 627 584 742 472 365 27 126 440 49 299 358 59 702 459 61 173 577 443 112 588 392 80 664 526 14 337 328 632 721 413 154 669 499 377 694 118 186 229 372 713 576 306 659 29 591 510 757 190 632 221 219 48 725 551 270 557 193 73 617 218 588 127 231 506 152 622 514 122 120 567 322 535 336 21 497 244 641 206 54 2 672 533 336 27 263 315 495 643 225 619 13 705 291 186 89 571 531 238 722 687 214 335 634 378 273 671 715 463 4 645 101 502 409 296 178 373 291 516 576 569 155 367 496 296 421 59 719 587 612 547 124 78 698 255 623 177 293 139 56 145 530 146 677 568 98 494 17 381 444 446 676 278 282 140 570 113 397 624 195 0 366 20 489 421 254 547 658 32 342 698 746 714 610 584 312 0 5 98 292 453 79 303 696 170 648 604 333 106 505 286 599 200 634 258 359 580 354 393 170 356 381 669 388 213 372 390 270 744 134 353 614 762 15 8 478 16 362 501 646 670 148 577 203 527 10 44 595 250 682 93 659 688 52 218 640 704 302 713 561 530 69 654 706 512 413 638 501 448 81 581 372 414 263 16 59 559 479 500 336 263 392 111 224 598 244 608 435 596 509 746 698 621 670
386 319 662 603 658 133 395 122 314 559 691 187 307 130 87 700 697 496 16 261 149 458 521 55 306 607 620 401 227 255 678 47 188 577 683 583 148 520 374 382 212 580 487 506 661 285 567 44 693 180 414 32 431 541 61 421 449 692 246 143 326 632 640 547 403 140 267 289 711 84 371 91 86 660 137 474 308 479 210 81 230 510 60 112 354 576 499 266 283 573 189 506 630 650 383 66 133 448 388 92 538 695 518 327 445 726 689 506 570 221 235 170 695 328 426 573 723 760 216 119 115 188 226 91 338 553 554 570 488 746 101 56 361 710 464 416 264 523 647 658 79 280 452 767 387 492 657 188 461 742 529 581 43 103 651 37 418 440 748 771 78 3 411 178 368 579 383 88 740 666 193 621 298 60 649 177 426 711 121 151 654 526 663 69 447 746 419 150 340 671 132 701 186 326 192 21 535 111 126 376 416 581 315 559 542 348 214 424 469 528 560 330 201 366 529 518 9 367 381 476 327 592 174 216 260 205 204 109 489 251 641 30 592 414 426 187 115 694 249 516 276 80 658 74 696 72 161 11 766 23 77 637 315 335 481 223 594 313 604 593 397 358 262 491 446 561 342 473 338 65 73 102 751 134 429 186 476 687 24 260 471 113 138 477 669 654 146 593 451 461 178 382 69 370 712 725 503 271 760 219 520 545 191 207 693 368 476 375 243 607 534 278 504 726 180 191 488 43 705 620 344 261 309 686 246 651 488 31 133 395 490 764 317 115 77 316 747 504 766 719 98 284 102 272 88 306 40 22 446 123 610 68 454 31 108 552 427 402 64 711 679 569 304 123 768 518 659 210 220 15 47 750 674 90 374 760 205 645 417 744 77 396 265 364 702 51 417 529
390 359 344 749 284 57 100 317 322 145 770 60 193 490 315 289 341 394 590 413 476 276 54 579 170 493 287 598 557 444 641 742 340 587 333 408 553 270 341 560 177 193 184 685 45 61 145 746 256 641 503 598 185 93 474 402 487 58 323 14 362 447 253 605 219 375 180 736 694 586 166 613 404 585 499 564 445 513 705 659 657 257 407 377 36 108 729 707 451 408 639 358 269 157 581 738 751 450 177 75 138 709 545 372 576 389 601 152 231 510 591 492 215 182 463 530 546 572 161 83 35 167 131 430 60 681 512 417 595 317 551 614 637 256 544 538 570 74 48 700 699 120 67 441 560 187 16 282 733 525 374 759 51 754 657 306 576 702 621 203 366 770 251 55 225 334 626 392 488 31 72 703 274 414 701 745 689 129 763 586 510 194 687 316 300 301 104 103 335 350 208 13 709 558 727 453 103 540 226 630 362 631 519 726 59 347 562 393 168 112 739 367 383 480 2 36 566 276 673 86 288 607 726 7 173 357 643 595 401 233 701 384 611 448 333 261 635 766 359 725 471 359 319 537 574 359 335 686 447 183 221 195 721 370 684 486 394 97 513 16 531 0 154 145 704 81 466 254 189 142 22 60 510 644 246 613 654 235 290 230 438 20 213 572 571 235 212 108 716 45 424 744 522 307 573 728 53 310 50 151 543 679 377 18 264 64 65 46 575 402 647 442 567 295 191 778 500 743 44 191 436 461 228 145 698 92 97 334 298 121 112 571 584 168 86 190 301 112 542 105 379 724 549 419 355 594 134 493 573 193 160 364 379 334 21 480 699 597 680 440 738 223 460 514 679 271 468 509 236 399 143 391 62 610 540 448 522 588 135 362 443 83 51 348 321 249 222 100 510 132 633 634
390 171 461 17 660 158 186 210 408 359 51 123 552 47 461 767 541 353 597 164 325 117 712 312 638 565 95 753 552 341 584 467 664 121 184 462 150 27 120 123 288 726 206 71 173 129 104 730 713 336 609 375 322 757 392 260 364 274 54 469 243 179 364 391 370 42 146 550 353 150 703 25 741 109 140 368 438 734 530 156 251 187 300 505 419 26 72 102 751 40 679 363 345 694 475 528 267 423 60 107 395 621 653 269 65 637 470 46 66 483 258 156 35 766 693 669 364 3 512 722 349 341 665 659 333 417 352 172 767 629 287 198 258 76 5 657 472 123 440 601 748 513 415 499 319 760 107 52 489 389 506 374 412 597 9 136 384 326 202 564 232 516 288 462 412 508 564 686 489 55 306 766 465 743 175 497 9 163 675 688 226 519 79 417 776 99 434 615 535 724 708 115 580 297 177 349 173 753 618 646 258 566 248 90 689 262 399 322 735 708 118 581 92 714 333 534 539 69 466 82 60 3 559 714 349 705 417 562 557 195 52 218 302 31 446 334 131 26 610 311 142 510 501 135 631 401 724 775 412 196 458 603 602 758 572 277 298 514 348 745 696 224 550 38 451 244 601 72 734 484 553 54 693 610 543 561 129 630 709 558 647 289 236 132 449 68 338 287 442 731 326 243 574 314 65 180 323 705 427 400 598 588 96 276 15 115 62 469 502 608 324 193 512 759 762 692 322 467 483 445 578 604 230 531 17 659 341 506 580 361 438 285 599 184 224 359 89 676 21 126 746 533 667 546 675 451 375 759 441 475 287 462 205 758 754 601 297 220 443 768 405 694 702 39 222 74 647 564 694 135 687 57 446 471 658 556 170 69 184 279 638 73 152 422 758 186 355 50 777 55 314 598
394 385 615 301 132 615 755 588 325 615 202 583 205 253 48 223 118 76 261 393 299 733 721 583 585 705 381 234 176 434 519 409 87 24 587 787 221 294 687 678 45 609 524 715 93 446 743 281 448 368 27 717 598 721 153 219 359 301 669 171 726 287 63 438 453 584 333 186 505 205 100 313 42 264 152 576 603 43 212 372 506 513 168 668 682 659 123 581 196 603 264 705 585 441 453 636 690 560 464 551 552 705 447 674 470 165 660 377 366 316 4 206 47 69 379 317 36 360 289 319 703 349 608 51 213 319 529 167 145 677 177 462 266 309 90 752 464 160 316 599 268 95 765 7 31 336 9 388 463 30 727 18 460 376 534 367 147 122 563 744 523 378 143 596 510 684 205 284 46 497 273 282 438 742 614 382 437 315 781 28 544 6 753 524 582 698 411 366 327 423 316 47 300 594 511 708 589 728 585 381 381 669 404 175 585 417 603 600 353 8 198 609 662 554 38 579 635 55 436 102 35 142 739 404 408 233 621 523 787 356 215 36 78 716 348 591 329 643 54 263 407 549 178 157 328 589 354 635 728 179 780 92 196 343 762 45 294 254 22 144 457 702 76 643 581 653 585 523 714 117 116 47 458 156 225 704 484 618 65 783 473 288 617 340 464 294 494 9 62 445 221 306 524 604 33 110 517 300 126 454 380 100 218 732 626 212 246 192 209 270 238 676 84 288 426 656 398 253 561 265 275 533 207 613 49 171 373 384 158 53 320 33 724 587 56 649 161 317 345 7 146 24 207 304 747 541 655 589 216 734 644 564 554 290 88 266 173 521 439 46 779 172 639 376 727 276 410 49 434 435 369 653 667 221 117 637 206 499 729 498 489 370 482 297 740 468 611 100 279 150 457 467 377 423 373 399
402 243 160 693 221 287 598 134 4 44 4 262 562 443 444 717 403 437 379 791 158 612 414 3 515 664 93 759 617 668 285 264 122 17 662 409 609 279 455 403 716 329 267 443 253 309 765 196 779 186 36 613 701 536 276 155 161 544 197 577 735 649 542 647 526 267 671 501 202 631 46 262 447 518 281 508 584 795 70 322 763 329 516 336 18 29 12 769 681 710 258 798 423 281 127 691 95 621 748 788 751 737 142 742 53 756 10 678 605 683 799 555 126 429 511 312 294 278 516 27 88 343 80 549 570 352 751 27 159 643 8 116 357 6 744 535 267 222 656 162 225 515 318 254 306 216 451 131 421 169 566 298 8 260 497 681 497 8 305 232 655 19 238 147 23 603 710 506 561 399 141 610 124 165 166 343 693 26 71 172 250 154 99 367 590 746 283 4 790 383 185 780 280 602 515 581 740 4 416 379 641 24 140 335 363 629 610 432 271 198 750 92 38 693 776 509 310 452 106 291 157 777 457 213 640 716 563 73 705 684 572 303 687 74 64 769 576 174 733 481 169 203 796 499 176 734 84 497 468 269 754 258 764 661 538 524 751 669 310 359 754 498 769 508 430 275 584 786 125 795 352 86 624 438 740 488 288 204 324 564 16 34 223 760 737 529 50 610 617 526 33 452 435 541 693 407 669 107 508 301 199 397 746 244 716 671 168 732 297 772 714 204 100 240 231 488 570 404 173 297 156 391 501 759 41 535 522 692 679 660 597 747 656 454 698 73 252 96 638 617 314 51 1 677 795 754 572 308 632 139 97 98 401 721 251 516 658 685 278 783 367 431 245 237 659 400 466 373 717 385 415 207 453 214 308 802 346 786 702 391 290 763 519 47 699 540 57 232 153 131 608 770 323 324 613 386 585 199 357 142 498 239 646 607
402 224 499 469 735 137 731 501 419 8 612 669 54 487 353 375 698 154 295 751 399 474 485 17 433 495 551 466 582 761 398 528 128 176 319 477 89 635 588 176 102 112 544 371 385 539 406 330 735 486 28 620 255 211 469 155 646 235 303 158 262 161 347 717 66 170 680 0 764 77 600 553 582 63 139 121 517 221 314 448 529 535 638 527 234 9 506 514 449 543 112 352 676 631 145 591 356 180 174 704 309 93 90 408 71 661 324 623 587 569 368 796 582 679 465 177 617 35 26 680 382 96 463 72 16 529 389 582 14 436 86 100 93 189 770 125 506 372 297 89 440 369 100 705 692 39 428 583 183 158 390 746 136 41 436 482 210 26 87 592 448 585 580 357 286 624 62 62 429 78 775 395 319 82 115 272 511 23 155 119 553 242 138 431 48 548 375 2 539 602 586 174 46 234 346 260 596 184 767 179 585 425 563 784 774 266 353 6 324 388 698 372 527 717 695 108 784 500 394 558 413 778 145 428 402 440 704 635 366 740 61 627 501 276 53 62 459 676 6 711 361 29 539 205 50 631 307 435 481 136 769 319 517 134 512 171 732 309 334 499 452 487 450 430 500 79 185 617 427 67 294 605 33 551 189 21 373 485 669 124 9 48 632 341 140 180 535 668 96 552 159 535 73 761 652 163 680 659 552 418 193 413 494 449 195 738 78 172 418 411 410 193 226 252 342 441 122 175 656 554 123 676 149 654 670 129 493 286 637 56 523 146 465 616 116 121 739 523 664 467 534 121 371 292 688 446 444 251 732 775 366 106 503 345 653 23 221 343 483 782 588 539 104 781 200 539 570 342 201 696 716 104 394 616 184 540 526 558 653 224 582 169 205 308 275 78 154 168 613 586 632 363 513 214 168 69 62 719 365 268 459 297 352 380
