bool 10 1 1 0 0 0 0 0 1 1 0
int 10 64 97 80 14 98 26 17 16 59 69
bool 10 0 0 1 1 0 0 0 0 1 0
bool 12 1 1 0 1 1 1 0 1 1 0 0 1
double 12 3.94 1.32 4.92 0.77 9.28 3.3 9.27 8.68 1.94 2.56 3.02 6
bool 13 0 1 1 0 0 1 1 1 1 0 1 1 1
double 13 0.99 4.37 1.74 6.19 2.09 0.67 4.48 3.59 0.45 9.97 4.43 0.87 7.99
bool 15 1 1 1 0 1 1 0 0 0 1 0 0 1 0 1
int 16 64 68 96 10 52 63 49 12 19 7 64 91 78 6 89 62
char 20 b e f c n d q s o i d t c d k t m r m c
double 20 4.78 5.99 9.17 8.94 6.6 5.34 4.18 3.63 5.15 9.15 6.23 4.58 2.95 9.13 9.38 8.6 7.09 8.68 2.16 3.72
bool 21 0 1 0 0 0 1 0 0 0 1 1 0 0 1 1 1 0 0 0 0 1
bool 22 1 1 0 1 1 0 0 1 0 1 0 1 0 1 0 1 1 1 0 0 1 0
bool 23 1 0 1 0 1 1 1 1 1 1 0 0 1 0 1 1 1 0 1 0 0 1 0
char 23 m q k t j i j m m s h b c q j f i f i n h f o
char 23 k k n n i i n c l a f p b e o h i i f i s o d
char 26 b e m h e e q o h i i e h p m q r f e o i n d k e k
int 26 24 12 88 54 32 10 78 95 33 43 67 60 3 94 90 63 77 29 77 65 61 61 61 31 81 57
bool 26 0 1 0 1 0 1 1 1 0 1 0 1 0 0 1 1 1 1 1 0 1 1 0 0 0 1
double 27 0.51 7.81 9.55 9.32 7.31 9.46 0.91 0.75 8.91 1.86 3.87 5.46 8.27 6.91 2.38 0.05 6.21 4.51 4.99 8.41 3.12 0.98 0.95 2.44 3.46 6.27 0.32
double 27 7.27 8.68 5.72 4.32 1.47 8.78 4.08 2.3 3.71 5.82 4.87 9.23 6.41 1.85 4.56 2.93 2.67 4.86 9.03 7.16 4.24 0.95 1.68 3.38 9.72 8.5 7.54
char 29 o j a b a p c t f p p k i j f r g c f o n c b m q g g k b
bool 29 0 0 1 1 0 1 1 0 0 0 0 0 1 0 0 0 0 0 0 1 1 0 1 1 0 1 1 0 1
double 30 0.65 4.33 5.81 0.85 9.85 3.89 1.93 8.68 6.07 2.09 6.83 7.71 5.72 0.35 5.58 2.95 7.31 6.28 6.36 7.55 4.76 7.05 5.79 4.41 5.53 2.09 0.55 8.06 2.6 0.34
int 30 57 53 86 93 34 83 27 78 10 43 3 53 68 48 12 54 97 36 9 34 72 39 72 58 38 34 49 67 96 79
bool 32 0 1 1 1 0 1 1 1 0 0 0 0 1 0 1 1 1 1 1 0 0 1 0 0 0 1 0 1 1 1 1 0
int 33 85 15 3 80 33 3 17 6 82 21 79 79 36 44 42 50 10 77 54 67 88 19 67 87 92 59 83 52 21 67 40 2 68
bool 35 0 0 1 1 1 0 1 0 0 0 0 1 0 1 1 1 0 1 0 1 1 1 0 1 1 1 1 0 0 1 0 0 1 0 0
bool 35 0 1 0 0 1 0 0 0 0 0 0 0 0 1 0 0 0 0 0 0 0 0 0 1 1 0 0 0 1 1 0 1 1 1 1
bool 35 1 0 0 0 1 1 1 1 1 1 0 1 1 0 0 0 1 0 1 0 1 1 0 0 0 0 0 1 0 0 1 1 1 0 1
bool 35 0 0 1 1 1 0 1 0 0 0 0 1 1 0 0 0 1 0 0 0 1 1 0 1 0 1 1 1 1 0 1 1 1 1 0
int 36 2 98 29 75 92 91 87 60 57 61 49 59 44 2 29 34 56 53 84 47 68 45 26 25 16 91 95 46 36 4 62 29 80 94 16 32
double 36 4.59 4.73 5.56 4.49 2 2.27 8.94 2.26 7.57 7.64 9.97 5.97 4.66 2.31 6.99 1.17 6.65 3.8 4.95 1.15 4.38 9.15 5.12 9.4 8.78 1.61 9.49 3.8 8.42 1.39 5.49 4.66 3.01 8.8 6.29 8.07
int 37 94 9 2 18 98 60 4 22 24 16 57 2 21 17 69 77 12 21 18 81 28 90 95 43 26 8 34 48 32 22 44 71 73 22 85 84 14
int 38 37 5 47 61 31 56 20 74 32 46 68 76 58 99 75 45 9 73 43 77 37 80 76 66 26 19 66 96 70 83 47 69 37 69 32 67 4 56
char 39 n s g j p m b e h b h r h l d l r c n j s i k h p c p i r o o b h s e l n e o
double 40 0.55 7.34 3.01 2.96 4.04 5.3 4.24 4.16 7.09 3.9 9.64 5.62 3.14 7.42 6.29 1.21 1.01 4.5 9.78 8.79 8.89 4.02 8.16 7.84 1.9 5.83 5.21 0.04 2.79 5.75 2.85 8.41 7.34 6.4 3.38 4.22 6.51 9.9 8.41 6.01
int 42 24 95 92 26 51 74 1 51 6 82 59 48 81 76 53 32 78 8 26 26 95 64 74 29 78 2 82 19 49 68 38 45 85 11 10 84 35 63 48 79 80 26
bool 43 1 1 0 1 1 1 0 1 0 0 0 1 1 0 0 1 0 0 1 0 1 0 0 0 0 0 1 1 0 0 0 0 0 0 1 0 0 0 0 0 1 1 1
bool 43 1 0 0 1 1 1 0 1 1 1 0 0 1 0 0 0 1 0 0 0 1 0 1 1 0 0 0 1 0 1 0 0 0 0 1 0 1 1 1 0 1 0 1
double 43 0.65 2.75 0.93 7.68 0.27 3.1 2.44 2.8 2.17 4.51 4.99 8.78 1.17 6.77 5.27 1.18 0.15 4.24 0.59 0.57 9.54 2.74 2.32 5.09 1.62 1.84 7.34 2.22 3.09 8.48 2.05 1.51 2.27 5.26 4.77 8.34 1.93 4.59 8.93 9.35 5.82 5.88 0.83
int 44 3 99 8 80 24 57 48 20 26 25 42 45 77 69 21 13 55 29 41 52 14 12 24 75 47 74 57 62 15 75 99 16 82 30 3 20 40 95 17 64 28 24 89 95
bool 44 0 1 0 0 0 0 1 1 0 1 0 1 0 0 1 1 0 1 0 1 1 0 0 1 1 0 1 0 0 0 1 1 0 0 1 1 0 1 0 0 0 1 1 1
char 46 s a g o g b a g q i m b i h b g m h n l j q l d r d i n i d i p o h r c g l k q c q e i d b
bool 47 1 0 1 1 0 0 1 1 0 1 0 1 0 0 0 0 1 1 0 1 1 1 0 0 1 1 0 1 0 1 0 1 0 0 1 0 1 1 1 1 1 1 1 0 1 1 0
int 49 96 43 74 15 19 45 55 19 73 48 75 69 72 47 39 84 4 46 92 51 23 74 16 20 5 29 39 95 5 24 84 1 65 7 84 92 25 70 27 77 52 32 34 27 40 47 36 53 23
int 52 4 15 91 13 48 7 78 77 50 31 99 63 95 20 45 62 30 4 49 48 91 60 62 2 36 67 33 12 18 41 53 52 65 65 80 74 36 52 54 77 87 63 66 44 23 12 49 28 81 35 36 44
char 52 d s j r h t j m c m t o l o m m m t g o s j q h e j t o q e i s p n l t r n p t i l i b s d j t n o t b
bool 52 1 0 0 0 1 1 1 1 1 1 1 0 0 1 0 1 1 1 0 1 1 0 1 1 1 1 1 1 0 1 1 0 1 1 1 0 0 1 0 0 1 0 1 0 1 1 0 1 0 1 1 1
char 52 p d q p j h f e f k i m g o t b g i t s s h c c p e c s i k c c d s f o j j m f p d r e k k s o h l l t
bool 53 1 0 0 0 0 1 0 0 0 1 1 1 0 0 0 1 1 0 1 0 0 1 1 0 0 1 0 0 1 1 1 0 1 0 0 1 0 1 0 1 1 1 1 1 1 1 1 0 1 1 0 1 0
int 54 21 11 6 88 16 83 80 1 5 72 80 86 36 24 6 75 56 71 42 81 12 46 67 52 50 80 68 99 33 20 27 18 37 47 60 80 36 15 67 64 3 53 48 68 86 50 13 34 12 47 13 70 38 35
int 54 13 12 21 73 92 11 4 49 36 49 26 87 36 66 74 33 28 35 71 25 11 15 51 7 58 25 58 39 73 16 69 42 12 71 74 56 72 35 75 89 58 62 90 51 25 32 53 98 2 63 79 65 82 62
bool 54 0 0 0 1 1 1 0 1 0 1 1 0 1 0 0 1 0 0 1 1 0 1 0 0 1 0 0 1 0 1 0 0 1 1 1 1 0 1 1 1 0 1 1 1 0 0 0 1 1 0 0 1 0 0
char 55 t o m m a b h g l m d l j t m h s e c j d s s n j c f j f g d s i f l t k p m k o o d f k o d b b j g e j h i
int 56 67 73 73 97 23 95 78 45 52 31 96 50 4 27 9 48 9 25 14 70 15 40 71 81 29 79 10 91 26 46 72 3 50 56 98 91 35 87 87 96 40 78 40 79 59 83 81 70 61 30 75 12 5 12 46 76
char 58 i d i r j a f b o d e k a j k l c c g i a n q c a i j m h d e l k l c e o p g p c t p b b k p r g e a d l p k a e t
char 59 k j r r l b e k q o k l j t r k n a b m l m s h e n e j q m h d r q s j t k l j g r h r g n f d b p h a d o r q a e s
int 60 54 30 42 77 31 67 79 47 46 34 59 68 28 61 57 41 37 50 15 79 99 81 1 8 15 66 53 18 78 73 76 46 1 46 40 70 38 73 65 30 50 71 58 81 26 57 32 73 24 63 60 91 77 79 11 97 29 81 87 99
int 64 40 40 28 20 18 33 57 59 18 42 53 45 55 42 73 6 48 2 29 53 74 50 40 79 35 8 34 23 54 26 38 1 10 40 66 57 85 67 75 75 3 43 65 22 16 75 15 36 65 77 18 94 36 78 62 56 51 67 32 61 84 16 16 22
double 66 7.6 9.39 6.87 8.64 8.62 7.67 0.18 5.51 3.77 1.14 9.43 0.52 8.13 6.13 5.64 9.7 6.44 0.45 0.12 5.14 6.37 5.82 2.55 5.52 0.73 9.41 3.46 3.66 3.39 5.23 2.84 9.09 4.86 2.21 6.09 6.08 2.57 0.42 6.07 5.87 0.39 8.47 8.96 4.67 7.06 3.36 1.56 5.65 3.14 9.21 7.27 4.96 3.65 4.05 6.13 2.22 3.58 7.42 4.67 7.84 3.84 2.77 7.46 6.83 6.93 4.18
int 66 81 42 24 14 24 61 90 7 41 82 19 17 27 41 87 20 63 39 4 46 80 31 96 83 45 44 36 12 34 71 28 29 89 18 5 25 21 54 47 6 14 64 23 60 5 58 97 43 14 79 70 11 70 7 15 81 70 16 93 84 88 66 3 92 48 10
bool 66 0 1 0 1 0 0 0 1 0 1 0 1 0 1 0 1 1 0 0 0 0 1 0 0 1 1 1 1 1 1 0 1 0 0 1 0 0 0 0 0 1 1 1 1 1 1 0 0 0 1 1 1 0 1 0 0 0 0 0 1 1 1 0 0 0 0
bool 70 1 1 0 1 1 1 0 1 0 0 0 0 1 1 1 0 0 0 1 1 0 0 1 1 0 0 1 0 1 0 0 1 1 0 1 0 1 0 1 0 1 0 1 0 0 0 0 0 1 1 0 1 1 0 1 1 0 0 1 0 0 1 0 0 1 1 1 1 0 0
int 70 20 11 77 52 25 55 66 53 70 24 32 55 91 82 54 89 71 32 80 78 45 84 98 76 81 33 9 95 3 78 84 69 79 51 98 95 2 39 90 8 20 77 19 45 76 63 9 12 3 42 7 75 4 72 97 34 71 70 63 43 64 9 71 12 91 40 14 28 62 17
double 71 8.61 7.65 2.32 9.67 2.23 4.67 8.87 1.22 7.26 4.1 0.27 1.9 6.57 7.06 8.23 2.35 0.29 3.86 4.59 1.75 3.01 0.02 2.01 0.21 3.03 6.1 1.47 2.19 5.6 2.67 1.84 2.41 0.5 2.16 6.98 6.02 2.18 4.79 2.1 9.12 0.97 1.35 5.39 8.96 0.03 6.3 3.82 3.88 2.86 8.65 4.38 7.28 8.46 7.52 6.86 8.33 1.71 6.13 1.53 5.63 0.46 9.7 5.8 0.29 9.17 7.41 8.28 8.16 5.63 3.95 2.17
double 72 5.45 9.39 5.43 0.33 4.19 4.58 0.83 9 9.45 7.84 3.79 9.97 7.15 7.95 3.26 2.26 6.08 0.24 5.96 4.17 5.5 8.96 7.72 8.38 6.59 9.81 4 3.72 2.09 1.31 9.5 3.45 2.32 9.27 2.96 0.56 4.31 1.85 0.43 2.79 1.92 1.81 2.86 6.02 7.27 9.76 7.23 8.27 1.16 1.77 4.82 7.26 4.34 9.87 6.65 7.26 5.79 3.6 3.59 3.97 7.08 7.14 6.69 6.83 7.55 5.76 3.43 0.87 1.21 5.73 0.62 8.88
char 72 k l l d q n e g b h q b d p r m r c i o k g b k i l n b g e g c g m j s t b q n i p d f k d k f o s f i g l r o c k k t l t l r h d m b o o d e
char 73 a e e s l k s r g d t n k c b f o f i e b o h n b i q o q j i r f q b g d f a q n f e a l r c r q l i j e h s m p h b j m k o n l k p p q j m n q
int 73 35 59 86 30 62 49 36 60 11 95 98 84 72 8 73 30 1 52 71 13 28 8 47 54 86 68 35 54 69 78 88 60 73 5 86 91 57 28 74 15 18 56 72 8 7 3 23 80 18 80 89 54 78 46 96 81 25 71 54 62 43 92 46 11 64 74 15 61 42 85 66 12 4
char 75 j k s l h h t r r c d k g o n i b k k m p f l t e b j q l l t s l h i o m i r p r o j r m o e s g d j q n k r o p h g q c l e f s g f a r m o b g c s
char 75 c n k g t q t b n d e n p k n m f d g t h m k k e p j b p h b c l b k q s s q t m g i i a e j q p k j q n b i m s e i h n f b r b n k g m e c q p o e
double 75 2.44 7.25 1.95 4.32 1.11 2.3 4.67 1.11 8.89 7.92 1.93 8.17 8.63 8.17 3 2.72 8.39 5.83 9.32 7.28 0.19 3 6 1.29 5.86 5.68 9.33 7.86 1.91 9.22 3.48 9.89 6.8 6.21 7.89 2.82 6.88 2.15 3.53 6.27 9.33 7.67 9 1.87 8.09 0.98 3.78 9.38 8.66 6.27 2.1 7.27 5.92 3.2 8.04 6.25 0.81 3.83 7.93 2.4 8.23 1.54 3.58 6.79 3.46 1.24 7.94 6.1 3.62 0.41 9.47 0.16 0.7 5.86 3.56
int 77 45 88 88 99 7 46 96 83 91 70 30 46 13 87 51 90 65 27 92 9 88 30 18 83 87 36 64 2 28 20 51 73 14 44 12 14 31 65 4 86 68 44 40 4 97 2 96 9 96 71 37 15 38 33 58 48 49 33 44 13 54 37 97 78 63 57 27 15 13 98 23 64 62 7 65 99 51
char 77 f m i l e c t n t g g q m d h d i a n j k t k a s d o n t q j d r e g n k k l l m m q c f p f j t l s f k p j j b b q c e t g p i f s f f e d c j m q r b
double 78 2.44 4.25 0.58 8.07 1.28 8.2 7.11 3.38 9.93 7.14 1.77 0.62 0.87 9.72 4.05 9.75 3.62 8.18 1.52 3.81 4.62 8.75 0.5 2.16 2.99 4.86 6.96 9.91 0.85 6.19 4.66 5.83 6.21 9.76 2.61 7.7 8.16 4.45 8.63 2.44 9.62 3 7.74 0.67 0.76 9.18 8.19 6.91 8.2 3.62 2.17 0.6 4.58 4.72 7.07 0.52 1.56 1.92 8.72 5.02 4.61 6.92 9.36 9.46 6.37 9.63 3.56 3.31 2.08 7.37 8.12 4.59 7.06 3.86 6.22 8.19 4.46 1.66
int 79 81 38 54 46 18 84 59 40 65 20 47 74 37 46 14 97 18 51 82 32 59 64 79 58 43 8 21 93 72 81 77 78 70 2 36 50 71 12 99 59 22 95 27 6 57 43 31 1 3 56 93 13 79 64 43 1 25 12 31 81 83 47 96 41 79 38 92 25 20 9 74 94 41 72 4 63 85 74 28
bool 80 1 0 1 1 0 1 1 0 1 1 1 0 0 0 1 0 1 1 1 0 0 1 1 1 1 1 1 0 0 0 1 1 1 0 1 1 0 1 0 1 0 0 0 0 1 0 1 1 0 0 0 1 1 0 1 0 1 0 1 1 0 0 0 0 1 0 1 1 1 1 1 0 1 0 1 1 0 0 1 0
double 80 7.24 7.13 5 9.3 7.01 7.78 0.76 7.78 1.26 5.13 7.38 9.59 5.94 3.98 9.29 7.47 3.81 6.46 0.6 2.19 3.45 4.68 4.85 6.75 2.26 4.92 2.78 2.27 6.18 0.6 1.31 0.62 9.36 4.05 1.65 1.57 8.63 5.81 5.1 8.77 9.29 6.6 6.97 3.11 9.74 1.21 3.46 4.98 2.71 7.44 7.06 7.88 0.57 0.97 4.57 5.63 9.84 8.27 5.66 4.1 6.36 4.32 4.01 3.36 3.98 5.3 2.11 1.99 2.39 0.78 4.6 5.85 7.11 0.89 6.73 2.45 7.62 7.34 1.56 0.89
bool 81 1 1 0 1 0 0 0 0 0 0 1 0 1 1 0 0 1 0 0 1 1 0 0 0 1 0 0 0 0 0 0 0 0 1 0 0 1 1 1 0 0 1 0 0 0 1 1 0 0 0 0 1 1 1 1 0 0 1 1 0 0 1 1 1 0 0 0 1 0 1 0 1 1 1 0 1 0 1 1 0 1
int 81 36 63 37 36 85 48 37 56 18 19 23 64 83 23 18 76 22 94 85 38 26 40 8 16 20 77 31 75 67 23 23 72 29 96 24 38 83 1 50 83 52 6 64 69 92 6 92 27 42 90 69 59 75 64 69 42 41 76 36 70 90 3 95 33 18 40 99 26 73 93 40 27 71 14 71 65 63 65 99 66 31
char 82 r d g m d d o t s m e k b a j c l r q r k r q i e r h j q s t t h r g m s t q e l n r b f k p n m b l l h r c s g a f f g q j g r l q j r c g j i m p c p a s o d r
double 82 9.05 0.76 4.03 3.49 8.44 2.87 4.19 6.37 4.6 8.26 5.99 3.3 4.41 2.91 0.32 1.81 1.14 7.01 7.26 0.61 9.39 9.22 5.76 6.81 0.77 1.14 0.25 5.49 9.06 6.9 6.99 9.49 2.58 5.21 0.55 4.59 1.38 9.96 8.38 2.58 1.26 0.97 6.06 3.31 2.67 6.29 5.82 5.72 6.33 3.28 5.81 5.2 9.98 3.17 7.34 9.34 9.43 4.96 4.19 9.37 3.62 3.88 4.24 0.3 9.3 7.79 8.07 5.18 4.53 0.58 8.65 1.73 1.4 5.93 2.79 1.53 9.12 0.02 8.45 2.58 7.2 1.08
bool 83 0 1 1 1 0 0 0 0 0 0 1 0 0 1 0 0 0 0 1 0 1 1 0 0 0 1 0 1 0 1 1 1 0 0 0 0 0 1 1 0 1 1 1 1 1 1 0 1 0 1 1 1 1 1 0 0 1 1 1 1 0 0 1 1 0 0 1 1 0 1 1 0 0 1 1 0 0 1 0 1 0 1 1
bool 84 1 1 0 0 1 1 0 0 1 1 0 0 1 1 0 1 0 1 1 1 0 1 1 0 1 0 1 0 0 1 0 0 0 1 1 1 0 0 0 1 1 0 0 1 1 0 1 1 0 1 1 0 0 0 0 1 1 1 1 1 1 0 0 0 1 0 0 0 0 0 0 0 0 1 0 0 1 1 0 1 1 1 1 1
char 90 p b j p s j t f a d p n j g n a h h d i l d b r i o s l g p g o j h s e q a a k k e l h a m a j n p e c e t f p q i o k f k n c s e p o b d e i e d b s a a f i f p r r k a b q s s
double 93 5.98 3.92 3 0.16 0.81 3.65 3.79 5.69 9.35 0.11 0.05 6.66 9.22 8.52 7.22 7.62 2.13 3.27 5.85 5.39 9.17 6.69 6.96 5.8 0.01 1.33 4.62 2.24 8.79 3.71 8.62 0.7 2.86 5.49 6.76 3.44 0.19 0.64 5.67 9.94 5.27 1.47 1.6 1.02 7.2 8.07 5.32 5.9 8.83 0.58 6.7 3.5 8.62 5.19 1.58 2.99 1.1 2.62 6.76 3.05 2.53 0.92 1.66 4.8 9.21 0.61 9.85 7.7 3.21 4.36 3.5 4.98 0.16 4.72 9.48 6.87 1.1 3.34 2.28 6.34 7.33 5.07 4.71 6.37 9.42 7.44 8.89 4.86 2.06 5.33 0.26 5.52 6.03
bool 95 1 1 1 0 1 0 1 0 0 1 0 0 1 0 0 1 0 1 1 1 1 0 0 1 1 0 1 1 1 1 0 1 0 0 0 0 0 0 1 1 0 1 1 0 1 0 1 0 1 0 0 0 1 1 0 0 1 0 1 0 1 0 1 0 0 1 1 0 1 1 0 1 0 1 1 1 0 0 1 0 1 1 0 0 0 1 1 1 0 1 0 1 0 1 0
double 96 5.49 5.17 7.68 6.52 8.76 4.58 8.1 4.24 1.98 0.72 6.01 1.36 1.16 3.19 7.32 5.45 3.65 8.28 4.27 3.81 3.42 8.78 7.53 8.43 5.33 1.17 6.45 0.66 2.86 4.32 4.02 4.41 5 8.36 4 0.54 8.06 6.34 4.77 3.03 7.53 4.65 4.39 1.87 7.44 3.09 0.31 4.59 9.94 7.16 4.6 1.87 5.48 3.08 4.6 7.69 7.16 6.75 3.75 7.31 1.12 1.52 4.32 8.85 5 5.59 0.29 3.29 6.09 4.14 6.44 4.87 4.58 2.55 1.27 6.18 0.05 4.79 1.87 3.62 1.06 7.32 8.05 3.07 4.38 7.95 6.48 0.96 8.9 8.78 8.72 2.1 7.09 5.86 9.47 1.11
bool 97 1 1 0 0 1 1 1 1 0 1 1 0 0 1 0 0 0 1 1 0 1 1 1 1 0 0 1 0 1 1 1 0 0 1 0 1 0 1 1 0 0 0 1 1 0 1 1 0 0 1 0 0 0 1 0 0 0 0 1 0 1 0 1 0 0 1 1 1 1 1 0 0 1 1 0 1 1 0 0 1 0 0 0 1 0 0 1 1 1 1 1 0 1 1 1 0 1
double 97 3.3 7.79 7.63 3.29 8.3 6.58 0.68 5.19 8.94 3.49 7.93 0.9 4.73 9.24 3.39 7.31 7.55 9.93 8.52 1.32 4.22 7.37 8.2 7.94 0.04 0.41 0.39 0.17 4.42 5.11 3.94 3.6 2.16 3.13 0.77 3.25 9.92 9.2 0.05 7.21 2 2.44 3.63 3.82 2.45 4.49 9.13 3.02 9.3 5.56 8.51 7.47 0.64 9.77 7.03 4.51 1.14 0.63 9.32 4.01 9.41 0.79 1.51 1.43 7.76 6.09 9.4 3.51 7.61 7.52 6.51 2 5.97 4.28 1.43 9.86 7.03 1.29 2.42 3.25 5.32 4.8 7.1 6.02 6.95 5.23 2.87 7.29 4.14 5.02 2.38 5.72 1.3 2.52 0.37 1.4 6.4
double 99 6.15 4.69 8.94 9.08 2.34 2.22 0.6 5.69 6.4 4.6 7.63 9.93 5.44 3.04 9.4 5.95 0.05 0.97 9.84 6.42 0.62 5.53 2.53 4.04 5.11 4.38 2.77 1.3 0.27 6.93 6.39 9.25 5.62 8.23 0.83 3.03 6.3 3.07 3.73 7.53 5.95 8.6 8.7 1.35 6.06 8.11 9.04 5.59 0.39 6.12 6.07 9.41 9.6 8.9 8.13 4.33 0.69 1.73 2.77 2.18 9.22 6.34 3.19 8.42 6.21 4.01 2.33 5.68 6.68 5.49 5.99 2.18 7.41 1.28 1.1 6.14 6.37 6.32 0.46 1.92 2.94 2.67 4.6 8.62 8.18 7.08 9.67 9.85 3.03 4.11 2.66 9.88 9.93 7.2 4.71 9.9 6.96 9.49 4.43
double 101 0.68 5.59 0.87 4.33 8.74 2.1 0.84 2.93 1.56 8.85 9.33 2.03 6.03 5.65 0.98 4.53 9.87 3.29 0.15 9.29 9.95 2.03 8.79 6.73 5.82 7.68 9.77 1.82 8.93 9.42 6.33 1.43 1.06 9.26 3.73 7.64 7.05 2.26 5.16 1.9 4.45 1.95 2.54 9.03 2.44 5.93 8.78 0.4 4 8.8 3.82 5.58 3.42 3.48 6.12 1.05 3.91 6.36 8.34 6.5 2.97 4.34 2.49 1.83 2.59 6.99 4.56 4.49 3.49 2.17 3.72 7.78 6.22 1.25 1.46 3.45 3.75 5.32 7.49 9.76 8.1 4.45 2.5 7.41 3.6 3.71 8.52 4.67 6.9 7.58 0.83 0.91 6.64 4.1 9.46 4.32 2.9 5.17 7.17 3.79 5.72
bool 102 1 0 0 1 1 0 0 0 1 1 0 0 0 0 1 0 1 0 0 1 0 0 0 0 1 0 0 1 0 0 0 1 0 0 1 1 0 0 0 0 0 0 0 0 1 1 0 1 1 1 1 0 0 1 1 1 0 1 0 1 1 1 1 1 1 1 1 0 1 1 1 0 0 0 1 0 0 1 1 1 1 0 1 0 1 0 1 0 1 1 1 0 1 1 1 0 0 1 1 0 0 1
double 102 7.24 0.03 2.35 2.83 6.63 5.8 1.13 2.23 3.83 4.03 3.23 0.22 5.26 9.58 2.45 2 5.91 5.96 1.57 4.9 9.57 6.31 6.93 4.51 5.79 7.09 9.53 3.49 5.21 3.86 9.36 7.91 0.35 9.66 9.32 9.15 4.35 5.89 5.18 3.76 1.27 2.68 1.7 2.54 1.29 4.42 5.6 7.63 9.07 5.26 6.88 3 8.86 6.78 9.87 2.4 6.55 6.92 9.89 0.11 1.56 6.4 9.86 4.74 6.48 7.02 1.32 5.38 8.56 2.54 6.1 2.48 4.62 5.26 2.49 0.49 9.16 7.48 4.84 5.65 1.76 3.2 9.53 2.13 2.31 1.61 4.29 3.64 0.06 5.97 8.2 9.01 2.42 5.96 5.5 7.15 3.41 8.77 1.75 7.55 4.99 4.48
bool 103 0 1 1 0 1 1 1 0 0 1 1 0 0 0 0 0 0 0 0 1 0 1 1 0 1 1 1 0 0 0 0 0 1 1 1 0 0 0 0 0 0 1 0 1 0 1 0 0 0 1 1 1 0 1 0 1 0 0 1 0 1 1 1 1 0 1 1 0 0 0 1 1 0 0 0 1 1 0 0 0 1 0 1 1 0 1 0 0 1 0 1 1 0 1 1 0 1 1 1 0 0 0 1
double 105 0.75 1.43 6.55 6.05 5.1 3.6 1.39 1.75 7.29 3.38 0.89 9.53 2.68 9.39 0.57 3.19 0.95 2.79 7.63 8.42 9.42 1.24 1.18 4.89 7.76 6.81 8.56 2.28 2.63 9.61 8.9 2.14 6.69 3.14 7.64 5.42 1.19 1.36 7.98 7.18 9.41 5.89 7.23 2.84 7 1.76 4.36 1.32 7.69 0.59 4.92 4.44 7.85 0.6 3.02 2.57 5.25 1.99 6.1 7.01 2.42 0.12 9.27 7.04 5.46 4.91 6.06 3.16 7.64 3.3 4.54 8.26 9.25 2.72 5.54 4.03 5.8 7.72 4.34 1.51 6.18 6.85 8.9 6.48 9.39 5.97 5.59 1.11 6.41 6.47 6.7 7.55 8.39 4.23 8.02 1.17 1.01 0.44 0.4 6.15 3.53 8.43 3.64 6.65 7.92
char 106 j c i h o b r s a i q s e p j o e j t a n p g i c q g a f a t a g d r s p g d a h t k k a e e n j k s i o j m o a m n o j h t d b e t f l k b e j o l e o r m j r t f c s k p d p s i p j l j i h a a g h i n c r d
double 106 9.04 8.53 1.92 4.31 8.96 4.48 7.74 1.35 1.31 5.22 3.16 9.02 2.48 3.94 5.86 9.4 1.7 1.5 8.91 0.44 1.04 5.84 2.48 0.38 1.76 0.74 2.3 3.81 9.32 9.41 1.46 9 3.71 8.03 9.42 6.12 5.31 6.22 5.56 0.85 5.17 3.41 5.39 2.01 4.18 0.07 7.69 1.61 5.45 8.65 6.85 3.83 0.29 7.51 7.21 4.68 5.21 4.47 5.03 2.37 3.47 7.95 7.88 7.25 1.78 9.95 8.11 1.76 0.8 9.09 7.53 0.63 9.29 0.44 8.51 6.73 7.83 1.08 8.78 0.83 7.46 5.08 9.3 5.9 9.41 5.62 0.16 2.34 2.68 7.87 9.25 6.41 7.05 6.77 5.16 9.8 9.14 7.74 5.4 7.4 3.88 4.46 5.16 2.24 0.66 1.22
char 108 p a a i o a p j k t l f l g c g b f l a l b q r k p l h m n r c a l g d f t r o s b m e a j t h t a g p m s m n m k d m e h e o p r p t d c q j q f j o o g d l g l h g l n e q n p p c t t a p h a i i q o a a h d c s
