char 10 f j p o j b r p f e
double 12 2.72 6.22 7.86 7.86 3.87 2.64 9.73 7.1 8.23 6.67 2.08 8.6
bool 14 0 0 0 1 1 0 0 1 1 1 0 1 1 1
char 14 b t q h i t h p p m e j e o
bool 15 1 1 1 0 1 1 0 0 0 1 0 0 1 0 1
bool 17 1 1 0 1 0 0 1 0 0 0 0 1 1 0 1 0 0
double 18 0.06 4.76 8.08 0.02 8.5 9.15 5.75 4.53 9.22 9.29 3.03 4.09 8.92 0.78 7.26 1.23 9.82 1.71
char 20 b e f c n d q s o i d t c d k t m r m c
bool 20 0 0 1 1 1 1 1 0 0 0 1 1 0 1 1 1 1 1 0 1
int 22 81 22 90 43 82 82 46 57 42 48 55 59 1 16 22 50 26 37 84 27 43 39
char 22 q n n p k c g g i h n r q p e g i n b r l q
double 23 8.06 3.49 4.16 7.86 3.19 3.68 1.35 2.18 9.31 4.45 0.29 3.85 8.27 9.44 4.94 4.23 9.08 9.19 0.7 2.48 9.29 4.75 1.68
char 23 k k n n i i n c l a f p b e o h i i f i s o d
char 25 b t e c k r i l d e m f s m h r p h b c r e i n p
int 25 15 59 31 80 95 46 63 17 78 32 50 56 9 45 49 77 86 44 27 14 46 78 15 24 27
char 26 m t t j l o e e l e l h b t r p g l l s c n s d d a
bool 30 0 1 0 1 0 1 1 0 0 1 1 0 0 1 1 0 1 0 0 0 0 1 1 0 1 0 1 1 1 1
int 31 61 58 9 63 42 87 16 35 71 64 28 32 85 44 78 47 6 79 78 73 12 27 62 51 48 84 71 42 37 25 11
int 33 91 84 26 73 3 21 34 77 34 78 74 98 36 75 85 49 49 98 50 71 75 8 4 5 46 65 66 91 64 74 18 16 57
double 34 2.78 4.97 5.27 6.78 3.68 3.53 6.67 2.35 1.34 8.11 0.87 3.61 8.64 4.95 0.13 6.66 7.81 6.14 6.01 3.47 4.84 2.7 9.45 1.68 8.03 2.78 3.53 6.38 4.22 6.02 5.27 2.8 4.1 2.32
double 34 3.95 2.58 3.07 6.97 6.83 1.03 1.52 3.61 9.03 7.43 1.85 5.77 4.73 9.05 6.95 0.13 2.85 8.93 9.82 9.26 1.14 8.12 5.06 2.62 2.19 8.58 4.5 1.54 2.7 9.08 0.21 3.04 7.09 8.7
char 38 q g c t j e t e a s a p r d i d l i j m l i r f h g l g g s i t t q r t n m
bool 39 0 1 0 1 0 0 0 0 1 0 0 0 1 1 1 0 0 0 0 0 1 0 0 0 1 1 1 1 1 1 1 1 0 0 1 1 0 1 0
char 39 a t c g h r q s n j o j q f s t r e a q s r n c t h b e a c a i a e m q g j i
int 40 29 8 43 94 91 73 57 24 72 80 22 47 47 22 18 29 99 57 11 49 37 88 43 83 30 57 61 61 38 77 17 90 60 62 18 4 87 11 65 36
char 41 k f h e n l k l f k b p p d n t n l e s r p h d b l b c o p q j h p g c a f s i e
int 41 66 81 65 89 22 76 73 57 30 88 66 34 79 9 71 27 56 76 31 61 57 40 14 7 23 45 58 92 97 85 34 67 1 3 82 61 72 25 4 38 61
int 42 93 19 92 2 70 58 37 68 54 18 72 37 12 84 22 60 95 5 68 34 42 2 86 62 77 34 8 81 77 2 14 24 17 99 52 84 60 32 15 84 91 86
char 43 s o c t q s d o d t m k m m n i t b n h h t g l q k r o r o d e t o j m f c t q l m s
bool 43 1 0 0 1 1 1 0 1 1 1 0 0 1 0 0 0 1 0 0 0 1 0 1 1 0 0 0 1 0 1 0 0 0 0 1 0 1 1 1 0 1 0 1
int 44 56 90 30 93 18 39 15 99 48 15 64 52 57 6 8 73 3 27 79 18 52 31 37 51 40 55 66 26 23 50 67 95 40 82 51 63 31 75 95 57 33 37 46 89
bool 45 1 1 0 1 1 0 0 0 1 1 1 1 1 0 1 0 0 1 1 1 1 0 1 1 1 1 0 0 1 0 0 0 0 1 1 0 0 1 0 1 1 1 0 0 0
int 46 85 29 77 56 48 34 44 38 22 63 14 33 40 87 83 18 17 69 35 13 81 18 52 34 33 32 73 34 56 96 75 18 20 86 93 74 58 30 67 16 94 29 99 56 82 52
int 46 15 8 56 2 70 7 29 90 93 46 14 60 62 46 16 57 2 73 88 78 37 71 83 25 9 70 76 50 93 42 68 74 21 29 20 85 63 20 45 56 5 60 58 5 90 82
int 47 9 86 49 9 99 21 47 79 81 62 79 50 35 9 40 57 74 70 68 51 33 55 18 56 7 47 94 86 78 22 99 57 92 76 94 95 30 9 63 14 45 14 98 43 83 86 35
double 48 5.43 5.6 0.84 9.31 8.71 2.32 9.91 9.03 8.39 0.55 5.83 2.1 4.08 6.91 5.87 5.3 6.19 3.75 8.26 2 4.6 8.87 8.24 2.45 0.15 1.58 6.49 7.41 8.25 9.39 9.25 2.79 1.09 4.22 5.11 6.12 5.85 1.49 7.05 0.86 9.5 6.18 5.03 2.72 2.57 1.49 8.69 6.35
int 48 20 53 78 75 87 19 37 36 1 26 63 30 41 81 48 55 89 50 5 23 51 12 28 91 94 84 32 15 3 83 86 95 51 91 27 21 67 65 78 30 29 16 1 99 3 60 40 16
int 49 57 34 12 25 8 2 48 41 95 51 18 91 80 70 36 89 69 88 60 61 47 50 95 56 41 93 21 69 89 97 4 80 54 71 87 53 5 80 85 43 96 47 7 71 26 3 91 59 31
double 50 7.82 0.29 8.52 4.19 0.85 3.14 3.54 2.69 7.39 7.88 3.95 8.78 5.31 4.2 3.25 2.1 8.85 5.24 3.57 1.21 8.98 4.88 7.49 5.64 3.88 8.77 3.53 1.33 0.04 9.07 3.92 2.01 2.25 3.64 6.9 3.88 2.74 3.58 1.06 7.69 8.06 1.47 7.21 8.9 4.98 9.05 9.3 3.01 8.18 8.46
int 53 31 96 3 29 93 22 19 23 86 41 30 78 49 59 58 89 30 87 45 55 30 45 86 87 95 61 64 65 64 93 28 59 82 63 23 1 96 72 60 52 32 55 98 15 89 53 79 27 40 9 81 47 87
int 54 12 38 86 63 2 96 80 43 73 52 99 36 37 87 24 35 79 3 91 14 1 17 33 4 85 71 34 35 69 27 55 78 4 6 61 37 17 43 84 26 7 59 78 41 7 23 44 88 13 63 76 99 26 50
int 55 82 97 69 62 95 15 63 65 88 34 69 63 90 48 42 95 31 58 19 55 55 8 64 67 43 53 25 47 28 60 91 75 13 40 3 29 73 66 25 78 1 35 85 87 88 31 25 56 54 48 81 25 2 79 97
bool 56 1 0 0 1 0 1 0 0 1 0 0 1 0 1 0 1 0 0 0 1 0 0 0 0 1 1 0 0 0 0 1 1 1 1 0 1 1 1 1 0 1 1 0 1 0 0 0 0 0 1 1 0 1 1 0 1
char 56 h k q n s i e t l k b g s h a j e q a d j b s k n a s l t b b c d c f r n q p s e j b h p q m a r a s l i d k n
double 57 5 7.06 4 0.54 3.29 2.47 6.64 4.29 6.87 0.54 5.26 4.2 3.24 3.47 9.55 3.65 9.62 6.09 7.8 8.41 8.33 6.11 7.04 9.92 9.34 6.06 8.83 8.09 1.53 2.38 9.84 0.9 0.12 5.5 6.29 9.95 7.69 6 8.23 1.85 9.42 1 5.69 1.19 3.83 2.94 8.12 5.01 5.19 1.36 7.4 4.85 0.63 6.51 8.2 3.77 2.78
double 58 0.41 9.38 7.43 8.05 2.88 9.53 0.19 2.8 1.84 8.92 9.6 4.74 9.45 8.67 9.95 1.27 9.73 2.51 3.88 0.94 5.3 3.25 1.4 2.1 4.18 4.99 2.58 0.13 6.8 0.58 9.58 2.89 3.03 0.05 5.98 8.36 2.07 2.07 6.45 4.69 7.47 3.21 9.61 7.35 7.8 7.15 7.68 2.99 4.75 7.3 2.27 7.43 5.21 7.46 6.31 4.06 8.28 7.86
char 58 p l l e o p t g t b t m f r e b g h e n k g g t l e b c b r a k r f f e e j o m a j e p l s q s c t i a a a o o a c
int 58 26 50 19 11 68 62 67 85 43 85 22 88 66 43 30 27 94 35 53 69 47 44 91 77 11 80 27 89 97 79 89 12 24 65 28 55 49 88 29 94 33 68 25 6 60 9 35 78 94 2 96 74 2 51 29 96 38 74
bool 58 0 0 0 0 0 0 0 1 1 1 0 0 0 0 0 0 0 1 0 0 0 1 0 1 1 1 1 0 1 0 0 0 1 1 0 0 0 0 0 1 0 1 0 0 1 1 1 1 0 0 1 1 1 1 0 1 1 1
bool 59 0 0 0 0 1 0 0 1 0 0 1 1 1 0 1 0 0 0 1 0 0 0 0 0 0 1 1 1 0 0 1 1 1 0 1 1 1 0 1 0 1 0 0 0 0 0 1 1 1 0 0 0 0 1 1 1 0 1 1
double 60 8.91 9.99 5.97 1.43 2.86 1.13 4.08 6.27 4.31 5.39 4.02 9.85 4.83 8.39 1.5 8.43 0.09 0.8 2.05 8.21 9.57 7.55 8.88 8.03 2.8 3.2 3.24 1.79 9.07 0.94 4.82 4.45 1.35 8.86 8.97 5.54 9.96 4.88 8.59 5.83 0.69 3.63 7.52 1.91 6.91 3.52 8.2 0.79 7.93 5.06 9.37 1.71 8.44 0.08 1.97 8.19 2.27 7.85 4.47 5.55
double 60 0.43 2.67 3.46 4.57 9.8 7.23 6.59 2.96 8.76 2.29 4.44 6.14 1.67 6.18 9.92 9.82 0.35 0.84 0.52 1.11 6.58 1.43 7.07 8.64 3.44 1.67 5.77 1.99 3.2 9.81 8.95 7.77 9.64 0.03 5.63 8.83 6.91 1.77 1.26 6.7 0.87 2.21 5.76 3.73 8.3 7.07 7.88 5.21 6.21 2.99 5.81 2.19 3.69 7.32 6.8 9.68 3.93 5.27 2.75 9.35
double 60 6.96 5.84 4.55 1.79 6.48 9.47 9.49 9.76 8.24 4.39 3.33 7.59 0.78 8.77 7.52 0.08 4.62 3.65 8.08 2.29 2.4 3.23 4.82 9.99 0.74 3.64 4.8 6.44 2.98 9.05 3.4 1.96 2.47 5.25 9.43 2.34 1.69 4.17 0.89 3.53 4.77 0.43 8.72 8.29 4.85 3.36 4.96 4.48 1.95 7.83 6.4 1.15 2.92 6.7 1.11 7.7 3.79 3.19 0.9 4.07
int 62 70 81 66 24 25 95 10 8 93 51 70 84 37 27 14 2 12 21 33 76 27 56 87 67 35 8 97 75 68 2 5 88 23 30 80 52 19 78 50 27 74 92 76 57 54 66 92 78 71 31 91 37 90 86 33 20 77 11 66 19 79 28
double 62 7.19 9.57 9.72 7.65 4.68 8.79 0.05 9.25 0.83 8.07 8.85 0.33 1.93 6.49 7.09 2.87 8.17 6.76 6.06 8.04 2.59 5.91 1.43 9 7.44 4.28 7.54 6.02 9.75 1.64 6.14 6.46 1.08 5.02 5.12 4.14 6.14 3.21 0.78 2.23 6.42 9.49 6.12 4.23 0.17 2.91 8.38 5.51 7.01 4.34 4.16 9.52 8.13 7.7 7.66 1.03 1.29 0.51 4.1 1.96 6.95 2.58
int 66 81 42 24 14 24 61 90 7 41 82 19 17 27 41 87 20 63 39 4 46 80 31 96 83 45 44 36 12 34 71 28 29 89 18 5 25 21 54 47 6 14 64 23 60 5 58 97 43 14 79 70 11 70 7 15 81 70 16 93 84 88 66 3 92 48 10
char 68 s j j c g p l i h c l h j k a r b t q m q g i o a h o c e n t n a t e q p i r t q h p s p n f m l m r g p s j d m b s i t a f a p o h t
int 70 20 11 77 52 25 55 66 53 70 24 32 55 91 82 54 89 71 32 80 78 45 84 98 76 81 33 9 95 3 78 84 69 79 51 98 95 2 39 90 8 20 77 19 45 76 63 9 12 3 42 7 75 4 72 97 34 71 70 63 43 64 9 71 12 91 40 14 28 62 17
double 72 8.01 5 7.93 9.16 2.29 9.25 4.25 7.95 9.53 0.44 8.29 4.68 2.46 5.29 9.41 5.48 6.29 6.86 6.19 0.79 7.04 8.98 5.88 6.39 1.82 8.75 7.19 1.16 9.86 4.66 8.94 2.44 5.78 4.66 2.4 6.26 8.77 5.33 4.08 5.62 8.83 3.89 6.15 9.05 7.67 5.38 3.43 1.23 3.19 5.67 9.49 2.65 1.03 7.77 9.13 9.28 4.68 0.33 9.46 6.25 6.05 1.03 7.69 6.78 7.62 4.51 9.78 5.14 0.8 4.08 7.51 2.38
int 72 31 7 36 11 28 20 64 94 30 6 42 3 31 94 90 90 98 16 11 25 81 82 29 48 8 27 71 9 66 22 46 83 15 34 47 22 11 21 3 81 47 42 33 44 87 29 29 65 98 87 38 64 9 12 34 82 96 29 55 62 76 63 53 16 53 84 51 49 38 31 51 62
double 72 5.79 7.8 0.86 8.23 6.76 6.19 9.23 6.36 1.02 7.14 9.88 9.31 0.93 6.3 6.3 4.65 3.15 2.57 0.52 8.77 3.77 6.65 5.4 4.57 6.33 3.42 2.86 0.25 4.99 3.3 4.85 6.6 8.9 8.53 8.91 7.75 3.03 3.64 4.13 7.72 0.37 2.46 1.92 2.48 6.33 8.37 0.23 8.3 5.47 7.46 2.03 9.52 2.5 4.64 5.36 1.4 1.9 3.37 7.68 9.08 9.42 1.61 1.41 1.89 4.06 7.52 2.5 3.7 1.69 3.49 1.3 0.85
int 73 51 37 82 35 95 21 17 99 21 69 27 25 8 73 10 96 70 78 35 79 96 63 41 56 9 31 24 16 25 63 85 9 55 4 4 78 23 51 28 70 41 6 91 37 96 8 9 71 2 23 88 7 98 56 42 31 95 77 74 25 33 80 89 51 26 86 32 65 92 93 72 72 43
int 74 16 89 16 78 74 6 72 73 17 72 44 8 87 71 90 20 23 11 83 19 19 55 70 66 22 74 24 84 45 66 87 68 47 70 24 79 11 60 75 84 59 87 54 8 84 88 27 31 61 36 18 44 46 99 99 62 74 16 38 47 29 94 83 28 93 92 23 33 93 53 3 16 51 83
double 75 0.22 6.58 4.45 1.44 1.02 9.94 9.19 3.31 3.33 2.75 5.66 1.43 2.35 1.21 2.56 8.19 0.29 2.64 9.45 1.82 7.71 0.73 0.62 4.59 0.67 4.46 3.8 5.82 1.06 9.17 2.84 8.92 8.5 4.64 8.73 6.72 1.63 4.72 3.88 6.94 7.74 6.59 0.49 4.95 9.37 4.56 4.94 1.75 6.63 0.89 5.52 9.92 5.43 3.73 5.68 9.6 9.26 0.32 5.39 0.83 3.27 9.22 9.92 9.38 7.61 3.41 6.76 2.46 6.5 9.86 4.14 5.71 3.11 6.67 7.43
bool 79 0 0 0 1 1 1 1 0 0 1 1 0 1 1 0 1 1 0 1 1 0 1 0 0 1 1 1 0 1 1 1 0 0 1 1 1 0 1 0 1 0 1 1 0 0 1 1 0 0 0 0 1 1 0 0 1 0 1 0 0 0 0 0 1 0 0 1 0 0 0 0 0 0 1 0 0 1 1 0
char 79 i p k t c t a a k d d c s n g e q c p b j m t j s b p h a q o i s j t m n a d o o q t b f a n h h g l r e t e d t b e o l c m g e b q o a d d e q t h e n n n
bool 81 1 1 0 1 0 0 0 0 0 0 1 0 1 1 0 0 1 0 0 1 1 0 0 0 1 0 0 0 0 0 0 0 0 1 0 0 1 1 1 0 0 1 0 0 0 1 1 0 0 0 0 1 1 1 1 0 0 1 1 0 0 1 1 1 0 0 0 1 0 1 0 1 1 1 0 1 0 1 1 0 1
int 81 36 63 37 36 85 48 37 56 18 19 23 64 83 23 18 76 22 94 85 38 26 40 8 16 20 77 31 75 67 23 23 72 29 96 24 38 83 1 50 83 52 6 64 69 92 6 92 27 42 90 69 59 75 64 69 42 41 76 36 70 90 3 95 33 18 40 99 26 73 93 40 27 71 14 71 65 63 65 99 66 31
double 82 9.05 0.76 4.03 3.49 8.44 2.87 4.19 6.37 4.6 8.26 5.99 3.3 4.41 2.91 0.32 1.81 1.14 7.01 7.26 0.61 9.39 9.22 5.76 6.81 0.77 1.14 0.25 5.49 9.06 6.9 6.99 9.49 2.58 5.21 0.55 4.59 1.38 9.96 8.38 2.58 1.26 0.97 6.06 3.31 2.67 6.29 5.82 5.72 6.33 3.28 5.81 5.2 9.98 3.17 7.34 9.34 9.43 4.96 4.19 9.37 3.62 3.88 4.24 0.3 9.3 7.79 8.07 5.18 4.53 0.58 8.65 1.73 1.4 5.93 2.79 1.53 9.12 0.02 8.45 2.58 7.2 1.08
double 82 2.83 1.73 9.14 7 7.36 2.77 7.51 9.35 6.8 5.69 2.16 4.58 9.9 5.91 1.44 3.62 6.02 9.86 9.22 3.06 8.48 9.62 5.81 2.43 7.24 8.9 3.61 2.63 3.8 5.72 1.41 4.07 1.16 0.19 3.29 4.44 2.31 3.69 4.37 0.14 2.8 8.3 5.52 7.8 9.67 7.64 6.26 3.74 5.87 0.75 3 4.56 7.08 8.29 3.65 0.27 3.72 0.95 9.42 0.37 8.09 1.32 4.19 8.79 2.28 3.36 0.64 9.67 9.56 2.55 0.19 2.32 5.6 0.55 8.73 9.81 5.77 8.67 9.88 5.61 5.25 4
bool 85 0 1 1 0 1 0 1 0 0 1 0 1 1 1 1 0 0 1 1 0 1 1 1 0 0 0 0 1 0 0 0 0 1 1 1 1 1 1 1 1 1 0 1 0 0 1 0 1 1 0 1 0 0 1 0 1 1 1 1 0 1 0 0 1 1 0 1 1 0 1 1 0 0 1 1 0 1 0 1 1 0 0 0 1 0
int 86 91 27 21 20 15 61 90 96 84 25 76 45 73 43 59 22 79 60 7 48 12 94 96 95 36 28 87 27 47 88 6 57 72 90 42 12 88 35 84 8 52 55 8 6 39 57 75 20 87 9 45 83 24 17 33 82 61 96 92 64 99 31 56 93 56 76 61 22 30 56 66 33 33 40 19 38 44 7 22 23 5 19 40 90 76 77
int 87 42 89 59 4 55 89 26 76 87 61 90 20 31 38 38 60 77 64 91 45 63 63 28 88 30 2 54 45 59 8 98 91 21 83 2 36 52 71 61 9 82 72 12 55 99 87 78 54 19 17 32 93 67 9 95 63 32 8 46 22 99 55 21 57 85 29 30 45 86 59 98 9 1 71 25 99 20 49 32 99 80 77 94 70 25 20 49
double 88 9.34 2.19 9.35 2.34 6.7 3.23 3.4 5.05 7 5.89 1.89 9.45 3.55 5.96 5.2 1.73 9.04 4.81 8.2 7.95 4.62 6.56 0.23 9.3 5.97 4.44 3.62 1.6 8.6 6.67 9.03 7.5 0.26 8.72 1.34 8.72 5.59 4.69 8.6 2.81 2.58 4.14 4.35 1.63 3.38 1.95 2.92 6.92 1.48 4.34 4.1 7.15 7.71 3.74 1.38 2.56 0.12 3.48 7.8 0.02 3.04 9.24 5.24 1.25 6.55 5.35 8.3 7.27 0.8 2.44 5.29 6.41 7.12 4.15 4.39 7.76 0.14 6.54 9.96 9.59 0.54 4.16 2 6.56 4.38 6.25 8.01 7.76
double 88 1.28 3.01 3.32 5.44 2.36 8.67 8.04 9.8 6.14 6.78 3.34 6.5 4.43 9.63 4.71 5.37 8.01 8.15 7.37 4.25 3.44 6.16 7.79 3.3 8.52 3.88 6.84 4.37 3.4 3.18 5.9 4.69 3.8 9.77 0.17 7.91 0.46 7.19 5.07 3.61 4.65 9.36 3.8 4.72 4.83 7.45 9.41 4.64 8.23 4.38 5.41 4.98 2.06 6.78 7.64 9.98 6.13 0.02 2.69 3.92 5.73 8.36 8.93 5.44 9.18 7.18 8.48 0.8 7.38 9.25 5.87 8.86 4.32 0.87 1.33 3.9 6.57 6.05 3.77 4.3 4.34 7.92 3.17 9.3 0.95 3.1 9.5 5.29
bool 88 0 1 1 1 0 1 0 0 0 1 0 0 1 0 0 1 1 0 0 1 1 1 0 0 0 1 1 1 0 1 0 1 1 0 0 0 1 1 0 0 0 0 1 0 1 0 0 1 1 1 0 0 1 1 1 1 0 1 1 0 0 1 1 1 1 0 1 1 0 0 1 1 1 1 1 1 0 0 1 1 0 0 1 1 1 1 0 0
double 88 2.57 6.23 3.91 6.98 1.03 8.04 1.52 9.44 9.23 1.11 0.86 3.66 1.88 7.54 6.06 7.4 2.6 5.87 4.55 4.29 2 2.33 0.4 8.86 1.97 3.69 4.77 3.24 0.17 4 0.56 7.03 7.67 3.02 7.67 0.59 9.02 3.11 3.22 4.78 9.32 3.57 7.44 4.74 1.7 0.57 7.99 1.85 9.76 0.81 1.75 4.49 2.27 1.43 7.19 7.42 4.56 4.8 0.8 6.63 7.51 8.91 2.21 6.8 2.42 0.8 7.05 0.37 1.68 6.36 1.47 9.5 6.58 1.61 7.9 9.84 5.22 4.12 9.46 7.44 9.01 7.99 7.16 1.29 6.71 9.37 1.38 0.28
double 89 5.39 6.23 9.58 0.14 8.68 4.47 9.45 4.43 3.71 6.83 9.54 2.9 9.72 6.85 1.36 1.08 4.47 4.87 8.4 1.07 5.3 5.35 0.67 4.43 8.64 0.74 6.85 2.29 1.24 6.25 5.98 7.14 0.96 2.61 4.51 7.69 8.44 7.25 0.3 0.18 5.32 6.72 7.01 3.39 5.35 1.58 5.37 6.86 6.92 7.27 5.21 7.34 9.66 9.41 7.89 9.4 9.62 5.16 1.78 0.98 7.68 9.63 0.91 4.08 4.12 4.87 2.65 3.58 2.02 2.12 2.67 9.03 5.5 1.36 1.56 3.05 2.36 2.53 1.57 5.09 5.05 1.61 4.57 6.49 8.18 5.76 5.62 5.69 2.26
double 91 6.2 3.83 1.79 8.77 0.2 1.91 6.95 6.81 1.65 5.61 0.92 6.81 2.83 6.16 1.27 5.86 4.5 7.59 8.98 7.06 7.3 4.43 4.7 8.1 1.27 3.85 4.91 8.26 9.59 7.61 9.42 9.74 9.12 4.09 9.37 8.89 5.43 9.93 7.85 1.34 2.59 7.22 8.85 2.22 8.13 0.88 8.03 2.11 7.5 1.07 0.96 8.43 4.53 8.64 6.55 7.08 5.2 5.48 9.8 5.61 4.93 0.98 5.69 3.24 4.67 5.33 0.37 1.23 8.95 1.98 3.99 1.82 1.02 4.73 8.51 4.09 9.08 7.04 3.8 2.45 8.16 4.63 7.24 3.46 4.88 2.85 4.53 6.15 1.02 8.02 4.21
int 91 85 50 85 68 98 94 18 52 64 25 78 62 80 64 59 83 79 31 94 13 84 89 26 20 34 97 17 76 37 80 35 57 32 37 84 36 7 12 89 84 4 38 52 93 66 90 6 61 93 55 27 85 39 34 57 37 96 82 53 96 68 59 2 26 46 4 9 97 66 85 30 23 91 13 80 69 75 9 25 88 96 31 54 12 74 87 67 32 15 19 16
bool 92 1 0 1 1 0 1 1 0 0 1 1 1 1 0 1 1 1 1 1 1 1 0 1 0 1 0 0 1 1 1 1 1 1 1 0 0 1 1 0 1 1 0 0 1 1 1 0 0 1 0 1 0 1 0 1 0 0 0 1 0 1 1 1 0 0 0 0 0 0 0 0 1 0 1 0 0 1 0 0 1 0 0 0 0 0 1 1 0 1 1 0 1
double 93 8.04 7.68 4.04 1.96 5.83 6.46 0.44 3.45 8.94 4.88 9.46 8.97 2.34 4.64 5.68 9.33 2.24 6.48 4.66 3.61 3.66 1.42 3.68 4.57 3.23 4.71 3.34 1.41 8.68 1.6 8.89 8.67 7.92 2.66 1.06 3.98 2 9.11 4.11 6.92 7.21 2.93 5.2 0.47 5.05 2.61 0.11 9.76 0.29 4.86 5.66 9.96 2.38 3.32 1.45 8.84 1.2 0.44 5.32 7.87 8.61 6.84 5.26 3.38 4.13 9.84 0.16 9.85 7.15 9.3 2.36 3.98 0.31 7.28 7.82 6.35 3.52 3.06 6.33 0.05 1.77 3.8 8.75 1.27 4.73 6.45 3.9 9.81 3.51 7.36 5.7 6.26 9.34
int 93 64 31 14 97 86 42 97 53 49 51 84 45 63 78 87 65 37 56 47 82 24 6 26 1 86 87 20 50 28 75 62 86 80 65 53 67 76 23 84 84 83 35 95 74 68 41 18 34 58 10 13 55 70 38 83 16 15 86 5 5 66 14 89 22 50 52 80 54 68 85 81 63 13 31 1 93 40 8 40 71 9 81 16 3 9 87 62 46 39 39 70 93 97
char 94 a k c m j f r j t b m r q c b m n l i i p k f l s k e s a p i n h m r b l c o n t n a i s l t l f a e f m n s q t t h i n m e p b l k h e c r p h h c b i k f h m i d d k g a j d c l c o o
double 95 6.14 7.08 2.55 2.93 8.78 8.93 3.9 0.6 6.81 4 4.88 7.02 0.5 4.48 6.9 5.93 1.23 5.16 3.27 9.55 3.9 0.8 5.18 3.99 1.76 7.33 6.85 6.42 1.78 3.8 1.47 3.96 1.67 7.84 9.89 5.2 2.04 7.74 6.72 0.92 0.57 7.02 2.86 5.19 2.81 2.51 4.74 2.95 0.8 5.24 1.52 0.93 5.82 6.3 7.17 7.61 2.51 1.82 1.2 0.54 2.63 6.67 4.24 7.2 4.37 6.68 9.68 8.39 1.25 5.5 2.46 4.39 1.22 3.85 3.64 1.04 3.23 5.72 8.91 5.37 5.01 5.41 7.8 6.6 9.25 7.99 6.48 6.44 0.06 1.02 9.53 8.86 1.04 2.31 8.08
bool 95 0 0 1 0 1 0 0 1 1 0 1 1 0 0 1 1 1 1 1 1 1 0 0 1 1 1 1 1 0 1 1 0 0 0 0 1 0 1 0 1 0 1 0 1 0 1 0 0 1 0 0 0 0 1 0 0 0 1 0 0 0 1 0 0 1 1 1 0 1 1 0 0 0 0 1 1 1 0 0 1 0 1 0 0 0 1 1 0 1 0 0 0 0 1 0
bool 96 0 1 0 0 1 1 0 1 0 1 1 1 0 1 1 0 0 0 1 1 1 1 0 0 0 0 0 1 1 0 0 0 0 1 1 0 1 0 0 0 0 0 0 0 0 1 1 1 0 1 0 1 1 1 1 0 0 1 1 0 0 0 1 0 0 1 1 0 0 1 1 0 1 0 0 0 1 1 1 0 1 0 1 0 1 0 1 1 1 0 0 0 1 0 0 1
bool 96 1 0 1 0 0 0 1 0 1 1 0 0 1 0 0 0 0 0 0 1 0 1 0 0 0 0 1 0 0 1 1 0 0 1 1 0 1 1 0 1 1 0 0 1 1 1 0 1 0 0 1 1 1 0 0 1 1 1 1 1 0 0 1 1 1 1 0 1 1 1 1 1 1 0 0 0 1 1 0 1 1 0 0 0 1 0 0 1 1 0 0 0 1 0 0 0
bool 97 1 1 0 0 1 1 1 1 0 1 1 0 0 1 0 0 0 1 1 0 1 1 1 1 0 0 1 0 1 1 1 0 0 1 0 1 0 1 1 0 0 0 1 1 0 1 1 0 0 1 0 0 0 1 0 0 0 0 1 0 1 0 1 0 0 1 1 1 1 1 0 0 1 1 0 1 1 0 0 1 0 0 0 1 0 0 1 1 1 1 1 0 1 1 1 0 1
bool 97 1 1 1 0 1 0 1 1 1 1 1 1 1 1 0 1 0 1 0 1 0 1 0 0 0 0 1 0 1 0 1 1 1 1 0 0 0 0 1 0 1 0 0 0 0 0 1 0 0 0 1 0 1 0 0 0 1 0 1 0 0 0 0 1 0 0 1 1 0 1 1 0 1 0 1 1 1 0 0 1 1 0 0 1 1 1 0 1 1 1 1 1 1 0 0 1 0
bool 100 1 1 1 1 1 1 1 1 1 1 0 0 0 1 1 1 0 1 1 0 1 0 0 0 1 1 1 1 1 0 0 0 0 0 1 1 1 1 1 1 1 1 0 1 1 0 0 1 0 1 1 1 0 1 0 0 0 1 0 1 0 1 1 0 0 1 1 0 1 1 1 0 1 1 0 0 1 1 0 0 1 1 1 1 1 1 0 0 0 0 0 1 0 0 1 0 1 1 1 1
bool 100 0 1 0 1 1 0 0 0 1 1 1 1 0 0 0 1 1 1 0 0 0 0 0 0 1 0 1 1 1 1 0 0 1 1 0 1 0 0 0 0 1 0 1 0 0 1 1 1 0 0 1 0 1 0 1 0 0 1 1 1 0 0 0 1 0 0 0 0 0 1 0 0 1 1 0 0 1 0 0 0 1 1 1 0 0 1 1 1 0 1 1 0 0 1 0 1 0 1 0 1
int 103 36 72 11 6 41 79 97 36 77 36 9 20 39 15 73 53 49 60 97 4 52 16 55 24 46 51 36 12 96 2 88 20 6 47 50 65 69 93 57 49 55 65 83 47 93 52 18 34 71 67 89 11 61 59 98 63 68 20 49 90 22 55 47 86 96 37 88 31 94 80 3 59 97 31 32 40 89 23 58 41 89 42 23 35 16 25 99 39 60 11 36 13 28 52 34 86 96 53 81 51 33 17 6
int 103 19 50 59 48 32 30 26 48 71 69 1 36 31 31 53 92 48 10 70 11 38 24 19 54 39 77 5 12 26 16 45 22 76 63 86 44 43 23 95 99 6 80 72 72 11 59 5 72 42 43 25 23 42 12 58 56 25 70 48 13 62 27 65 38 51 27 65 41 20 34 4 27 51 68 74 11 42 24 75 51 43 30 69 32 87 59 48 16 40 85 61 34 97 52 2 78 22 91 43 66 54 67 16
double 103 7.19 9.4 7.98 1.05 8.83 5.22 5.66 5.08 6.77 8.69 2.16 8.7 9.46 3.36 3.17 6.82 9.78 0.93 8.55 7.37 7.75 9.09 9.65 8.86 5.04 4.54 9.91 7.9 2.98 5.96 6.48 7.05 8.02 4.32 9.23 8.59 0.61 7.56 1.25 3.57 8.6 8 1.65 1.51 3.88 0.71 2.66 3.91 0.01 9.77 3.46 5.88 0.83 6.58 1.05 6.87 0.41 1.78 7.25 8.77 6.15 2.42 2.8 2.41 3.8 1.61 9.49 1.98 7.96 1.24 9.06 1.53 1.85 7.43 3.27 1.29 0.56 9.81 0.92 8.7 8.6 0.6 7.55 2.64 3.72 4.54 4.07 2.74 6.5 9.73 9.14 7.26 8.11 5.62 6.82 0.74 7.8 6.57 4.87 1.12 1.22 4.64 8.84
int 105 21 81 87 45 99 24 76 8 97 69 79 64 16 33 44 17 87 36 94 5 1 50 75 81 26 19 5 92 74 48 63 67 88 83 22 39 65 77 1 33 3 23 23 80 57 47 93 54 77 39 7 92 52 26 86 27 5 33 84 83 74 93 97 80 24 58 51 68 94 46 18 26 96 21 33 66 45 38 41 89 36 89 17 54 21 68 58 91 94 70 20 70 71 42 55 23 76 88 87 73 84 87 62 3 76
char 108 f n q m q e t c n n h j b m k s b f g d q n b o s h j p m m j a c q n j n o q n g d t e s e c e o g s s r k f d j i e k s f r b p k h k e p j g b g k m k e q p a h e j g p e m k j s f f k p n j g m c k s j b n p o i
int 108 89 50 37 59 71 41 42 6 80 6 99 11 90 66 39 87 38 90 7 17 84 66 60 43 89 49 93 88 59 8 60 47 4 93 6 29 26 31 75 42 13 3 83 42 66 74 94 28 47 31 59 48 7 17 73 34 76 24 66 23 69 77 71 73 87 19 4 49 53 28 16 21 6 90 97 42 19 27 22 37 80 15 7 84 43 42 98 14 16 6 34 43 24 95 62 34 46 31 45 29 61 21 5 98 63 46 4 52
bool 109 0 0 1 1 1 0 0 1 1 1 0 0 0 0 0 0 0 0 1 0 0 1 1 0 1 0 1 1 1 1 0 1 0 1 1 1 1 1 0 1 1 1 1 1 1 1 0 1 1 0 0 0 1 0 0 1 1 1 1 0 1 0 1 1 1 0 1 0 0 0 1 0 1 1 1 1 1 1 0 1 0 1 1 0 0 0 0 1 0 0 0 0 1 1 0 1 1 1 0 0 0 1 0 0 1 0 1 1 1
char 109 p d l p d n o s r q t g h b s q i f d s b r e q e j i h f r j q g d l c q l c c n m s i j s h l n t h h n n a c h i m t s g n q q s i h n a g j n c i k l k h a b l g r b s p b f l m b b o a h a f g e g c s n g b o k g
