char 12 (p k o) (p b m) (n h m) (e l s) (m q k) (d t o) (t g p) (b d m) (g t k) (k d j) (f d l) (l m q)
bool 12 (1 1 1) (1 1 1) (0 0 1) (0 0 0) (1 0 0) (0 0 0) (1 1 0) (0 0 1) (0 1 1) (1 0 1) (0 0 0) (0 1 1)
double 14 (6.68 3.5 2.38) (8.29 5.88 2.97) (2.5 6.99 0.34) (8.36 5.84 8.67) (7.38 5.91 0.35) (9.35 9.52 4.36) (1.19 3.13 7.51) (3.6 7.16 5.08) (5.4 8.83 7.35) (6.48 1.14 4.28) (7.22 9.9 7.66) (5.74 8.53 3.92) (4.66 3.1 7.82) (7.88 5.68 5.66)
char 14 (c l l) (l c n) (n k a) (e p h) (k b s) (g n a) (t q c) (s o g) (g m p) (b r b) (s o a) (r h l) (c m r) (e r f)
char 16 (n c l) (a f p) (b e o) (h i i) (f i s) (o d b) (m e p) (j q e) (s h p) (h d q) (d q r) (g c r) (c q d) (b b o) (i e p) (h d r)
int 17 (88 35 37) (86 89 1) (41 36 97) (58 28 40) (20 21 22) (47 80 91) (89 44 18) (58 73 90) (77 69 16) (24 92 47) (15 59 31) (80 95 46) (63 17 78) (32 50 56) (9 45 49) (77 86 44) (27 14 46)
double 17 (3.52 8.99 7.42) (5.48 5.22 3.71) (7.73 9 3.55) (3.13 3.35 0.57) (1.91 0.86 8.82) (3.3 2.75 3.85) (4.43 6.96 5.75) (7.92 9.8 7.81) (2.68 1.22 5.01) (6.35 8.44 1.28) (6.06 2.52 3.16) (2.69 1.86 9.9) (7.15 3.45 6.96) (0.5 0.3 7.65) (0.62 6.85 0.48) (7.93 4.05 4.02) (3.11 1.23 5.36)
bool 17 (1 1 0) (1 1 0) (0 0 1) (1 0 0) (0 0 0) (0 1 1) (1 1 1) (1 0 1) (1 0 1) (0 0 0) (0 1 1) (0 0 1) (1 0 1) (1 0 0) (0 1 0) (0 0 0) (0 0 1)
char 17 (l t l) (j b q) (k n m) (l i a) (m t t) (j l o) (e e l) (e l h) (b t r) (p g l) (l s c) (n s d) (d a i) (n r a) (t n j) (d s g) (p p b)
int 18 (40 23 60) (96 3 87) (75 17 38) (39 17 59) (70 43 86) (80 93 57) (45 95 20) (49 22 36) (82 33 72) (12 43 5) (90 11 86) (63 68 85) (62 77 79) (31 9 75) (56 34 58) (43 59 79) (10 45 80) (29 74 87)
bool 19 (0 1 0) (1 1 1) (0 0 0) (1 0 1) (0 0 0) (0 1 1) (0 0 0) (1 0 1) (1 0 1) (1 1 0) (1 0 0) (0 0 1) (1 0 0) (1 1 0) (0 1 0) (0 0 0) (1 0 1) (0 0 0) (0 0 0)
char 20 (q p b) (a k o) (o a o) (i g f) (n l i) (p a b) (t f p) (t l p) (t p j) (f s o) (t h d) (q g d) (f g l) (t f t) (a t o) (g h s) (e q n) (s l n) (t a k) (g a i)
double 20 (0.21 5.78 9.73) (2.08 5.26 6.22) (5.7 2.09 4.69) (9.55 7.23 9.56) (4.83 9.54 3.6) (9.94 6.09 3.05) (6.42 6.15 0.3) (5.57 4.8 3.87) (1.13 6.05 8) (1.95 4.26 5.5) (6.79 1.56 9.15) (8.76 8.82 4.83) (0.6 0.68 1.82) (0.3 1.13 3.96) (4.2 0.48 0.31) (2.46 0.78 8.57) (7.4 6.46 4.51) (7.51 4.57 4.95) (7.23 6.43 6.96) (5.9 2.79 1.1)
double 20 (0.2 8.68 4.64) (9.33 8.23 4.14) (6.03 1.86 4.76) (2.74 2.74 3.69) (1.24 5.16 9.03) (5.46 1.91 7.94) (1.25 7.34 2.74) (9.5 0.92 3.77) (7.27 9.46 7.3) (0.19 1.91 1.32) (6.53 1.81 2.08) (7.82 2.83 7.59) (5.41 9.21 5.87) (6.81 7.6 2.46) (5.27 3.37 4.23) (0.54 2.04 1.47) (2.34 3.46 8.08) (3.26 2.41 5.86) (2.12 2.76 8.86) (8.68 2.86 7.91)
double 21 (6.14 3.13 8.22) (9.58 2.02 8.12) (4.55 1.69 7.55) (1.95 0.32 4.5) (0.9 1.49 9.13) (3.49 3.35 8.56) (8.92 9.24 5.22) (6.39 7.2 6.77) (2.93 5.54 5.56) (8.28 8.6 5.32) (3.51 8.99 0.31) (0.51 7.91 5.28) (7.16 3.67 6.98) (1.25 4.06 2.54) (0.18 2.83 6.04) (0.48 0.3 6.15) (4.57 4.21 9.02) (2.37 0.99 5.67) (1.82 9.55 1.84) (4.8 0.39 1.6) (4.23 0.64 8.34)
double 23 (4.8 4.31 6.3) (9.45 8.94 4.55) (6.68 0.36 3.94) (0.68 4.61 3.61) (3.58 7.29 4.09) (8.81 2.61 2.16) (9.68 2.82 0.5) (5.68 9.18 0.9) (1.01 4.72 4.4) (9.38 1.81 8.24) (3.82 9.1 8.41) (7.39 2.94 6.77) (1.74 9.7 4.56) (9.09 0.7 3.06) (7.27 6.32 1.08) (6.48 0.08 1.78) (3.72 0.05 9.7) (7.31 9.78 3.55) (7.1 1.82 1.78) (1.26 8.17 0.87) (2.03 1.62 7.33) (7.03 7.96 3.12) (4.95 6.35 0.2)
char 25 (i i d) (d o r) (d c m) (m r a) (i n j) (p i k) (c q d) (j r j) (o c o) (h q l) (i j s) (a d t) (h a f) (o r q) (o c m) (s a o) (h p g) (n c g) (d l b) (b g l) (s r p) (s n b) (n n c) (i i o) (a n g)
int 25 (79 9 71) (27 56 76) (31 61 57) (40 14 7) (23 45 58) (92 97 85) (34 67 1) (3 82 61) (72 25 4) (38 61 19) (91 6 75) (18 56 16) (32 64 46) (21 92 79) (95 28 89) (74 2 76) (20 91 39) (34 47 52) (44 90 14) (45 97 36) (32 82 75) (8 71 45) (80 20 27) (76 76 84) (7 82 51)
int 26 (32 15 84) (91 86 92) (35 24 23) (58 26 82) (53 2 53) (24 15 19) (2 45 72) (16 25 48) (31 65 82) (63 35 43) (87 30 11) (84 49 40) (12 35 52) (88 40 5) (10 49 84) (19 3 35) (67 42 86) (89 61 70) (59 58 22) (82 48 23) (71 46 26) (74 2 48) (23 93 12) (71 14 13) (63 97 66) (11 98 63)
bool 26 (0 0 1) (0 1 1) (0 0 1) (1 1 1) (0 0 0) (1 0 0) (1 0 0) (1 0 0) (0 0 0) (0 1 1) (1 0 1) (1 0 0) (1 0 1) (1 1 1) (1 1 1) (0 1 1) (0 0 1) (0 0 0) (1 0 1) (1 0 0) (1 1 1) (1 1 0) (0 0 0) (0 0 1) (0 0 0) (1 1 0)
double 26 (7.26 9.23 4.81) (0.62 1.14 4.04) (1.47 3.13 4.14) (4.5 9.11 4.28) (9.65 2.27 5.8) (4.44 6.64 9.45) (2.01 3.59 0.88) (6.32 8.75 8.38) (5.31 9.93 3.71) (2.39 1.42 9.66) (9.51 7.62 1.7) (4.9 2.16 2.2) (7.51 8.1 7.14) (5.82 3.1 8.83) (9 3.62 9.58) (6.56 3.62 1.72) (7.93 3.14 2.26) (0.88 2.96 8.14) (8.66 3.79 7.8) (5.3 9.63 1.7) (2.06 5.93 3.42) (1.85 6.81 5.79) (8.08 4.07 7.27) (6.15 4.53 2) (3.04 3.43 8.28) (0.15 6.84 4.51)
bool 28 (0 0 1) (1 0 1) (1 1 1) (0 1 1) (1 0 1) (0 1 1) (1 1 0) (0 1 1) (1 0 1) (1 0 1) (1 0 0) (0 1 1) (0 1 0) (1 0 0) (0 0 1) (0 1 1) (1 1 0) (1 0 0) (1 1 1) (0 0 1) (0 1 1) (1 0 1) (0 1 1) (0 1 0) (0 0 0) (1 0 1) (1 0 1) (0 1 1)
char 30 (b h b) (l s d) (i f b) (i t n) (s a e) (j g d) (d l i) (h n o) (r t l) (e q f) (g d h) (h i f) (l m q) (k g k) (e p m) (d t l) (c c m) (t i i) (s q b) (h g e) (h a l) (p j a) (l b h) (a p g) (o i h) (h n q) (m p h) (b t r) (g e b) (d p p)
double 31 (5.37 0.73 3.84) (5.93 5.46 9.37) (4.62 3.49 8.66) (6.81 1.54 8.68) (8.81 9.99 3.68) (8.91 6.67 0.11) (0.8 2.07 9.13) (7.59 1.86 4) (2.14 5.46 7.38) (8.83 9.18 8.72) (0.68 4.9 1.75) (8.39 1.58 9.99) (2.1 4.18 3.38) (9.33 7.74 8.36) (5.92 8.32 0.23) (7.22 1.08 8.38) (4.25 2.28 5) (5.57 0.48 6.3) (6.38 8.69 8.78) (3.48 7.93 4.7) (4.3 8.4 5.09) (8.86 2.5 8.98) (6.49 1.14 5.26) (9.5 5.24 6.04) (6.86 3.37 8.4) (1.39 5.73 4.68) (3.72 2.21 5.55) (5.64 1.2 5.64) (6.77 5.18 5.45) (5.96 6.31 8.41) (3.68 6.65 3.32)
int 34 (14 54 28) (83 27 74) (47 90 20) (9 62 2) (88 28 32) (30 7 9) (20 57 93) (58 43 5) (25 98 74) (95 63 64) (2 6 64) (9 71 12) (72 3 63) (88 36 78) (42 65 50) (31 16 48) (11 7 18) (12 96 57) (76 27 76) (74 10 87) (44 61 62) (96 68 67) (23 18 9) (88 2 34) (28 45 12) (85 87 12) (53 40 8) (22 35 65) (46 4 22) (39 30 37) (56 30 38) (48 27 78) (50 44 62) (89 19 79)
double 35 (1.08 2.26 8.99) (1.08 0.75 9.81) (7.47 0.73 7.39) (9.05 9.93 5.03) (7.7 4.6 1.19) (0.14 0.98 1.3) (9.22 4.57 4.54) (9.94 3.49 6.24) (6.64 7.14 3.69) (9.31 0.89 3.5) (2.94 2.36 6.47) (4.42 6.35 7.4) (9.35 0.99 5.66) (0.79 8.08 1.7) (5.61 5.37 4.34) (1.81 3.79 8.32) (2.05 1.01 7.51) (2.67 7.7 5.29) (9.51 8.61 8.82) (7.64 9.51 6.88) (7.04 9.06 0.65) (9.29 7.62 4.52) (2.22 9.11 9.47) (6.16 9.55 2.7) (1.87 7.16 1.9) (3.86 1.76 9.12) (5.71 4.66 6.49) (0.99 1.9 4.66) (9.62 9.68 0.96) (3.53 4.06 4.92) (4.14 1.54 7.45) (8.76 8.93 0.1) (7.78 6.18 2.12) (2.15 5.41 8.14) (9.17 9.44 1.55)
int 36 (77 75 53) (82 49 38) (60 72 84) (28 19 44) (82 91 46) (6 25 92) (6 87 81) (20 9 67) (36 50 97) (51 69 96) (32 19 96) (96 46 43) (81 84 88) (40 16 45) (73 14 47) (69 29 78) (25 15 86) (59 74 63) (63 96 45) (51 81 91) (44 34 17) (21 61 95) (80 77 57) (62 11 42) (39 10 86) (13 5 5) (18 68 34) (18 85 81) (5 42 66) (68 80 64) (84 3 48) (26 47 6) (11 71 48) (71 50 22) (36 29 75) (83 1 11)
int 36 (29 81 87) (99 79 58) (48 21 82) (4 12 18) (84 88 89) (71 89 50) (79 37 68) (46 9 20) (90 69 32) (15 92 14) (65 9 78) (19 4 71) (26 43 73) (67 69 91) (15 69 4) (81 91 65) (66 53 5) (30 3 53) (1 1 28) (2 91 97) (94 44 12) (76 92 52) (47 65 84) (75 27 76) (2 40 4) (82 60 76) (56 79 63) (82 73 7) (86 34 64) (49 72 57) (16 5 68) (66 24 56) (53 56 88) (6 78 88) (6 49 53) (5 29 23)
int 37 (19 22 72) (27 32 36) (19 86 64) (5 80 45) (45 97 97) (82 90 73) (49 60 79) (85 48 40) (3 61 8) (70 75 33) (79 76 80) (72 59 91) (68 79 81) (52 35 69) (85 57 37) (81 63 40) (6 34 19) (98 49 39) (23 51 17) (50 78 74) (20 29 45) (61 37 57) (47 44 71) (63 99 19) (86 24 56) (46 20 37) (58 42 55) (48 84 85) (58 61 52) (11 85 92) (21 51 33) (2 70 81) (66 24 25) (95 10 8) (93 51 70) (84 37 27) (14 2 12)
double 37 (2.64 0.13 4.55) (6.04 7.99 0.62) (6.9 0.11 2.5) (8.57 8.4 2.87) (4.93 1.2 7.24) (3.17 5.51 8.07) (1.73 4.8 4.89) (5.45 0.14 0.38) (6.9 1.16 3.62) (0.05 2.4 1.18) (1.49 0.82 8.28) (7.56 3.9 4.3) (3.57 4.93 9.56) (4.66 5.79 7.54) (0.75 3.58 3.29) (3.77 1.75 1.2) (3.86 1.79 0.16) (4.01 5.48 4.89) (8.36 2.27 9.52) (2.99 6.27 1.32) (5.42 9.61 9.78) (2.77 5.65 4.38) (6.7 2.34 8.69) (3.53 5.01 1.04) (1.39 3.23 6.77) (8.62 2.95 4.1) (1.57 4.28 3.03) (8.49 2.18 3.57) (9.02 6.77 0.39) (4.03 8.37 7.79) (3.8 5.8 9.2) (5.94 7.38 7.58) (5.57 2.67 8.28) (6.85 2.17 6.97) (3.49 4.07 7.26) (0.33 2 6.05) (4.04 2.54 3.89)
double 37 (0.24 9.53 1.07) (0.84 5.49 1.79) (4.47 7.41 0.85) (7.3 6.23 9.06) (6.93 3.41 5.06) (3.71 9.13 9.09) (4.7 7.94 5.83) (2.85 8.49 5.44) (4.36 9.2 4.47) (4.91 3.76 9.58) (9.76 1.73 3.27) (1.61 9.37 8.7) (1.59 5.24 3.66) (7.04 9.23 0.19) (0.29 5.87 9.42) (4.57 7.59 1.86) (6.9 5.05 6.16) (0.35 2.95 6.87) (4.99 7.74 6.84) (5.68 0.97 1.35) (5.62 4.56 1.87) (5.93 8.5 8.41) (0.1 3.85 7.24) (2.88 7.04 9.62) (8.42 2.63 0.56) (1.97 0.92 8.48) (5.24 0.88 4.05) (2.37 3.13 6.03) (7.41 7.86 6.52) (9.62 0.16 4.82) (7.46 9.19 6.78) (7.13 8.19 0.01) (1.54 7.75 2.46) (6.12 4.01 3.37) (9.48 9.54 0.38) (8.63 3.41 0.67) (3.02 2.4 2.22)
char 37 (i o t) (i p a) (b d q) (k j g) (i d d) (i b f) (j f i) (m m f) (c j o) (e g c) (k s r) (n i g) (e p h) (n n k) (b f q) (o d p) (g m m) (k c l) (q n c) (e r q) (h k t) (i e e) (q o o) (k c j) (i s d) (q n n) (i o i) (q m t) (n p c) (d r h) (o c h) (t s a) (n e b) (t s r) (r l r) (r a o) (a r b)
int 39 (71 39 34) (19 10 64) (28 78 36) (98 72 62) (82 2 58) (36 72 23) (9 44 79) (12 14 24) (92 14 3) (34 44 65) (77 79 30) (74 84 82) (76 82 12) (53 28 3) (18 71 28) (46 66 59) (57 37 22) (85 81 79) (44 21 22) (83 95 45) (72 82 97) (31 13 83) (63 2 5) (94 90 81) (61 5 11) (9 72 1) (10 3 31) (1 25 72) (83 91 26) (93 76 58) (71 25 71) (6 79 27) (98 93 97) (81 8 16) (98 72 97) (84 53 43) (90 87 23) (69 89 52) (19 45 22)
double 39 (6.69 0.54 0.03) (4.05 8.28 2.92) (8.57 5.77 8.23) (5.38 8.54 2.24) (6.71 8.42 4.96) (1.94 9.02 3.52) (6.65 1.94 7.54) (1.6 9.09 5.79) (3.53 9.11 1.74) (2.22 6.79 7.63) (0.09 0.06 6.25) (9.35 4.88 0.3) (5.64 4.19 6.38) (5.85 0.1 9.9) (0.65 3.84 8.32) (5.33 2.8 5.84) (5.29 9.74 3.93) (9.44 3.54 2.92) (1.26 8.89 5.49) (2.89 8.09 1.58) (9.07 8.78 7.25) (8.08 2.29 0.63) (7.24 0.8 3.98) (1.15 1.53 2.34) (6.34 3.78 2.29) (1.91 0.61 6.88) (7.65 1.86 4.18) (0.31 0.44 1.48) (1.62 7.03 9.36) (0.64 8.15 1.05) (7.73 1.03 7.63) (0.06 8.35 3.81) (8.07 1.82 1.97) (4.66 9.93 1.51) (1.58 7.6 9.39) (6.87 8.64 8.62) (7.67 0.18 5.51) (3.77 1.14 9.43) (0.52 8.13 6.13)
bool 39 (1 1 0) (0 0 1) (0 1 1) (0 0 1) (1 1 1) (0 0 0) (0 0 0) (0 0 1) (1 1 1) (0 0 1) (1 0 0) (1 0 0) (1 0 1) (0 1 1) (0 1 0) (0 0 1) (0 0 1) (1 1 1) (1 1 1) (0 0 1) (1 1 1) (0 0 0) (0 0 0) (1 0 0) (1 0 1) (0 0 0) (0 1 1) (1 0 0) (0 1 1) (1 0 1) (0 0 1) (1 1 1) (1 1 1) (0 1 1) (0 1 1) (0 1 0) (1 0 1) (0 0 1) (1 1 0)
bool 40 (1 0 1) (1 1 1) (0 0 0) (0 0 0) (1 1 0) (0 1 1) (1 0 0) (1 0 1) (0 1 1) (1 0 1) (1 0 1) (0 0 1) (0 1 1) (1 0 0) (1 1 1) (1 1 1) (0 1 0) (1 1 0) (1 1 0) (0 0 1) (0 1 0) (1 1 1) (1 1 0) (0 0 0) (0 1 0) (1 1 0) (1 1 1) (1 0 1) (1 1 1) (0 1 0) (0 1 0) (0 1 1) (0 0 1) (1 0 1) (0 1 1) (1 0 0) (1 1 1) (0 0 0) (0 0 0) (0 1 0)
int 41 (10 83 57) (54 2 46) (56 20 35) (16 57 59) (82 97 55) (96 90 58) (68 68 77) (37 17 56) (5 46 76) (56 53 15) (98 16 83) (25 73 67) (28 2 35) (67 3 59) (68 34 59) (89 16 57) (27 91 39) (86 69 13) (93 71 47) (9 17 97) (41 61 93) (56 54 20) (11 33 22) (73 71 56) (27 11 76) (33 80 54) (15 52 72) (16 68 62) (28 97 97) (91 60 15) (8 31 65) (83 12 81) (45 36 45) (43 99 14) (6 82 42) (42 6 38) (48 31 31) (94 81 7) (62 67 83) (34 7 9) (4 18 28)
bool 41 (1 0 1) (0 1 0) (1 0 1) (1 1 0) (1 0 1) (0 0 0) (0 1 1) (0 1 0) (0 0 1) (0 0 0) (1 0 0) (0 1 1) (0 1 1) (1 0 1) (0 0 0) (1 1 0) (0 1 0) (0 1 1) (1 0 0) (0 0 0) (1 1 0) (1 1 1) (1 1 1) (0 1 1) (1 0 1) (0 0 0) (0 1 1) (1 0 0) (0 1 1) (0 0 1) (1 0 0) (1 0 1) (0 0 1) (1 0 1) (0 1 0) (1 0 1) (0 1 0) (0 0 0) (0 1 1) (0 1 1) (0 1 1)
int 42 (31 55 3) (70 29 24) (15 5 13) (86 45 52) (83 33 12) (84 3 75) (71 31 50) (93 4 47) (17 22 22) (54 39 19) (25 90 72) (79 32 18) (39 92 70) (87 17 77) (93 48 6) (50 80 92) (90 90 19) (10 25 31) (39 38 55) (68 33 83) (48 10 50) (16 73 20) (27 67 93) (56 86 59) (75 34 27) (26 74 89) (5 34 54) (39 46 25) (53 25 13) (84 44 26) (78 23 15) (47 15 44) (87 66 36) (26 10 15) (30 75 89) (89 63 55) (42 40 15) (44 96 97) (36 18 12) (91 5 47) (8 56 39) (78 47 82)
int 43 (41 14 42) (28 66 73) (8 85 6) (18 48 50) (14 49 61) (97 11 98) (11 5 83) (82 32 71) (56 24 96) (5 88 42) (9 37 26) (89 1 9) (39 50 40) (49 95 46) (33 89 71) (67 9 42) (19 86 89) (36 73 27) (56 77 99) (82 37 93) (40 85 72) (99 29 59) (10 28 97) (70 33 96) (45 74 18) (33 46 84) (14 71 8) (97 2 14) (92 29 46) (83 23 39) (73 18 83) (67 75 99) (90 23 72) (51 84 97) (18 57 81) (82 98 10) (44 4 72) (92 16 22) (83 54 79) (75 26 38) (1 82 47) (49 59 29) (3 10 77)
bool 43 (0 0 0) (0 1 0) (0 0 1) (0 0 0) (1 1 1) (1 0 1) (0 0 0) (0 1 0) (0 1 1) (0 1 1) (0 0 1) (0 0 1) (1 0 0) (1 0 1) (0 1 0) (1 1 1) (0 1 0) (1 1 0) (1 0 1) (0 1 1) (0 0 1) (0 0 0) (0 0 1) (1 0 1) (1 1 1) (0 1 1) (1 0 0) (0 0 0) (1 1 0) (0 0 1) (1 1 1) (1 1 0) (1 0 1) (0 1 1) (0 0 0) (1 0 1) (0 1 1) (0 0 0) (1 1 0) (1 0 0) (0 0 1) (1 0 0) (1 0 1)
double 43 (8.32 8.67 4.58) (3.87 4.65 7.24) (7.24 1.68 4.65) (3.6 3.8 0.59) (4.13 1.44 1.15) (7.51 5.58 7.75) (7.44 7.12 1.32) (2.12 4.38 8.8) (9.27 4.78 1.29) (4.73 5.06 8.12) (2.93 5.66 2.4) (9.41 7.12 0.52) (3.68 4.66 7.17) (2.99 4.92 2.16) (2.53 7.82 7.29) (3.59 9.17 8.61) (3.41 8.1 2.9) (6.08 5.87 7.13) (0.1 8.2 7.39) (8.17 1.29 3.1) (4.07 4.74 6.96) (1.71 8.04 9.51) (8.06 1.37 8.44) (7.35 6.19 3.62) (2.67 4.17 5.34) (7.43 7.71 1.89) (5.3 0.57 4.57) (2.16 4.54 7) (0.81 7.29 2.24) (1.09 1.8 9) (6.92 2.99 4.66) (9.56 2.18 0.92) (1.48 9.74 8.02) (7.41 0.65 2.3) (9.87 3.45 8.63) (3.09 3.76 0.24) (7.22 6.6 7.9) (8.98 3.77 1.08) (4.82 3.59 5.6) (2.11 3.61 9.45) (6.04 9.61 0.44) (0.34 3.48 8.78) (5.18 8.5 1.05)
int 45 (3 85 72) (72 12 16) (58 64 26) (83 36 59) (58 53 98) (17 58 34) (72 77 83) (17 97 92) (47 69 25) (74 32 95) (40 6 62) (80 3 84) (19 79 50) (17 65 28) (59 92 48) (27 45 37) (62 7 72) (52 50 45) (6 99 37) (74 80 43) (93 57 92) (22 79 46) (95 14 87) (63 18 81) (12 68 37) (65 70 22) (69 83 26) (74 35 13) (93 41 73) (30 76 52) (28 40 3) (57 52 63) (38 7 45) (55 35 2) (43 55 10) (7 88 88) (30 67 16) (81 65 74) (72 94 33) (9 90 13) (95 3 69) (24 51 22) (29 53 3) (63 36 11) (8 56 52)
int 46 (95 32 91) (37 88 63) (70 62 17) (81 9 46) (59 39 79) (70 42 79) (57 38 68) (13 86 56) (16 35 16) (43 45 80) (83 82 10) (13 52 85) (37 94 97) (57 71 69) (46 73 50) (96 51 92) (86 26 58) (32 44 43) (16 75 93) (56 93 91) (47 66 86) (98 2 47) (79 19 89) (22 18 91) (12 76 59) (28 86 44) (29 48 51) (81 32 50) (53 80 56) (33 89 34) (15 94 36) (44 26 59) (47 76 14) (27 79 64) (86 21 15) (84 58 24) (7 51 78) (81 76 49) (76 46 41) (6 6 14) (39 18 62) (10 29 1) (85 54 51) (54 98 91) (18 7 14) (59 91 34)
int 47 (93 63 37) (44 64 38) (68 92 22) (24 78 17) (96 7 82) (16 75 42) (59 1 86) (99 19 5) (29 16 84) (69 39 15) (62 32 35) (32 91 64) (79 68 92) (14 17 90) (84 66 23) (27 63 36) (23 66 22) (42 14 51) (42 41 89) (76 1 97) (50 48 68) (13 10 23) (15 95 75) (16 13 72) (29 99 58) (99 6 27) (9 25 24) (49 61 24) (17 63 19) (7 23 14) (13 98 84) (17 55 99) (28 92 67) (86 87 40) (77 59 85) (83 98 20) (70 79 23) (21 74 95) (87 25 99) (79 2 15) (52 33 73) (83 68 64) (56 13 90) (46 49 17) (60 13 85) (86 86 93) (75 84 35)
double 47 (1.16 4.87 7.05) (0.97 5.81 6.71) (7.37 9.46 9.43) (1.56 9.65 0.88) (0.79 9.35 6.42) (2.65 5.71 1.08) (7.86 6.17 1.39) (2.81 3.58 0.54) (3.67 6.27 7.7) (0.49 1.76 6.36) (5.84 7.05 9.08) (6.1 7.96 5.95) (2.29 8.12 9.89) (8.9 4.43 6.65) (7.71 5.65 3.58) (5.48 3.8 3.94) (1.69 8.55 6.54) (4.91 1.17 0.99) (1.9 2.07 2.86) (0.74 0.4 8.58) (9.07 9.98 2.56) (2.82 1.58 5.4) (1.14 7.73 5.16) (3.59 5.21 5.7) (7.68 8.79 4.78) (5.63 5.67 1.24) (0.11 5.06 5.9) (3.3 7.71 7.04) (3.11 5.38 0.48) (1.32 7.45 1.69) (9.87 8.76 6.5) (2 2.85 0.47) (9.33 3.51 2.11) (1.69 2.16 6.88) (8.01 5.97 2.79) (6.59 7.02 9.03) (7.44 5.81 9.03) (3.75 6.37 7.02) (8.58 6.72 5.82) (1.76 6.55 3.99) (8.32 6.15 7.78) (7.68 6.64 1.6) (3.03 5.88 8.64) (7.14 7.5 1.85) (2.6 5.58 8.61) (1.87 7.23 7.52) (9.46 9.28 4.29)
double 48 (1.69 4.37 9.72) (3.45 6.32 6.71) (0.21 6.15 6.92) (6.51 6.9 6.47) (1.47 3.67 6.75) (1.29 6.96 7.66) (0.34 3.04 0.99) (3.63 9.75 1.34) (2.54 1.21 2.77) (3.98 0.46 2.7) (1.96 5.51 5.38) (2.56 2.28 4.55) (2.43 3.88 8.96) (0.23 6.23 9.78) (7.41 7.31 9.22) (5.53 4.88 3.34) (7.29 9.04 9.58) (0.18 1.25 4.68) (0.03 4.9 4.84) (7.3 1.8 3.22) (3.09 7.85 1.74) (8.43 6.54 2.46) (8.81 2.11 8.35) (1.87 7.69 3.86) (8.92 2.04 6.42) (4.74 2.06 4.97) (1 1.63 2.31) (3.15 9.9 4.14) (2.98 8.39 7.07) (0.98 6.48 7.9) (3.06 5.37 1.6) (8.46 6.66 4.06) (1.53 0.04 9.57) (4.33 8.48 8.37) (1.36 4.01 5.05) (5.24 6.26 5.31) (2.38 7.69 5.71) (4.9 0.83 6.74) (4.99 5.03 2.41) (2.99 3.83 5.62) (1.38 2.47 1.85) (0.41 9.18 8.12) (9.69 5.37 2.54) (8.57 6.58 0.59) (9.2 6.01 1.5) (9.91 1.59 8.21) (9.78 9.92 7.29) (2.67 3.06 1.86)
bool 49 (0 1 1) (1 1 1) (1 1 1) (1 0 1) (1 0 0) (0 1 0) (1 1 0) (1 1 0) (1 1 1) (0 1 0) (0 1 0) (1 0 0) (1 0 0) (1 0 0) (0 0 1) (0 0 0) (0 1 0) (1 0 0) (0 1 0) (0 1 1) (0 1 1) (1 1 1) (1 1 1) (1 0 0) (0 1 1) (0 0 1) (0 1 1) (1 1 0) (1 0 0) (1 0 1) (0 0 0) (0 1 0) (1 0 1) (0 0 1) (1 0 0) (1 0 0) (1 1 0) (1 0 1) (0 1 1) (1 0 0) (1 1 1) (1 0 0) (0 0 0) (1 0 1) (0 1 0) (1 0 1) (1 1 0) (1 0 1) (0 0 1)
double 54 (1.59 7.96 1.23) (0.7 4.94 9.96) (7.08 4.8 3.32) (2.58 8.72 5.27) (2.08 7.9 4.4) (0.26 5.21 8.64) (1.7 5.91 1.07) (9.14 5.94 0.08) (8.87 9.33 7.68) (9.2 8.83 2.45) (3.16 6.03 3.07) (9.37 1.99 9.78) (9.93 2.78 6.93) (4.05 0.75 0.41) (7.49 8.67 9.55) (6.65 3.79 0.23) (7.84 8.04 7.68) (4.04 1.96 5.83) (6.46 0.44 3.45) (8.94 4.88 9.46) (8.97 2.34 4.64) (5.68 9.33 2.24) (6.48 4.66 3.61) (3.66 1.42 3.68) (4.57 3.23 4.71) (3.34 1.41 8.68) (1.6 8.89 8.67) (7.92 2.66 1.06) (3.98 2 9.11) (4.11 6.92 7.21) (2.93 5.2 0.47) (5.05 2.61 0.11) (9.76 0.29 4.86) (5.66 9.96 2.38) (3.32 1.45 8.84) (1.2 0.44 5.32) (7.87 8.61 6.84) (5.26 3.38 4.13) (9.84 0.16 9.85) (7.15 9.3 2.36) (3.98 0.31 7.28) (7.82 6.35 3.52) (3.06 6.33 0.05) (1.77 3.8 8.75) (1.27 4.73 6.45) (3.9 9.81 3.51) (7.36 5.7 6.26) (9.34 9.38 0.91) (2.65 4.01 5.02) (1.76 4.38 0.79) (8 7.87 8.88) (2.73 9 0.09) (6.45 9.6 6.32) (3.16 6.77 8.03)
char 55 (k i n) (h j m) (p a t) (m g d) (g q s) (c j e) (p p o) (c i b) (n a g) (d g a) (n p k) (b n h) (f h p) (l o i) (k s e) (m t o) (o o n) (h s k) (n g q) (f a k) (q e f) (k g l) (b n k) (g q f) (b o d) (a r i) (a p h) (o s l) (o r d) (a a f) (g d q) (o k k) (l f q) (l c f) (d h g) (g d g) (o e m) (q r k) (k a o) (q m m) (r t r) (h c i) (o q b) (k f i) (s b b) (a n h) (o e o) (r i c) (r j r) (f f h) (m n c) (i m a) (l t m) (n r g) (b g b)
bool 56 (0 0 1) (0 0 0) (0 1 1) (1 1 0) (0 0 0) (0 0 1) (0 1 1) (0 0 1) (1 0 1) (1 0 0) (0 1 0) (1 0 0) (0 0 0) (0 1 0) (1 0 0) (0 0 1) (1 0 1) (0 0 0) (1 0 0) (1 0 0) (1 1 1) (0 0 1) (0 0 1) (1 0 0) (0 0 1) (0 0 0) (1 1 0) (0 1 1) (1 0 0) (1 0 0) (1 0 0) (0 1 0) (1 0 0) (1 0 1) (0 0 1) (1 0 1) (1 0 0) (1 1 1) (1 1 1) (1 0 0) (1 1 1) (1 1 0) (1 1 0) (0 0 0) (1 0 1) (0 1 0) (1 0 1) (0 1 0) (0 1 0) (0 0 0) (1 0 0) (0 1 0) (0 0 1) (0 0 1) (1 1 0) (1 1 0)
int 58 (81 72 24) (10 74 78) (87 65 40) (11 93 19) (40 76 13) (87 1 77) (40 81 30) (8 12 11) (63 87 76) (77 36 57) (76 39 83) (36 56 57) (1 4 57) (58 53 18) (51 49 36) (2 52 84) (96 91 73) (45 43 35) (83 13 96) (41 75 96) (88 13 76) (91 26 92) (22 35 90) (95 36 77) (3 63 49) (37 40 83) (93 18 77) (10 54 2) (60 83 7) (13 19 65) (49 27 3) (42 34 22) (57 19 66) (90 48 8) (32 22 2) (56 37 71) (64 87 51) (46 53 86) (46 2 47) (50 24 11) (41 11 8) (15 93 97) (1 44 51) (73 91 12) (4 45 47) (99 73 20) (92 77 83) (92 6 63) (15 77 43) (76 66 98) (93 52 94) (24 25 85) (32 64 42) (77 31 4) (39 87 41) (59 20 90) (37 35 68) (42 83 40)
double 59 (2.14 6.64 3.27) (6.69 7.62 1.15) (8.8 7.37 3.48) (4.82 0.37 0.14) (3.33 5.31 0.15) (4.15 9.7 7.94) (7.5 2.53 4.72) (4.6 9.28 1.09) (8.26 2.17 0.69) (1.3 5.29 0.92) (4.36 4.59 5.61) (9.35 2.31 5.2) (0.14 9.59 1.08) (3.25 5.78 2.89) (0.18 4.14 0.23) (3.68 4.18 7.93) (1.9 5.86 3.63) (2.19 2.32 9.06) (0.92 7.12 8.12) (4.29 2.12 7.57) (3.88 7.34 1.17) (4.61 9.1 3.97) (6.79 9.65 2.2) (4.45 6.95 7.49) (4.08 5.47 8.26) (9.85 9.5 2.79) (6.76 2.97 4.62) (8.4 7.07 2.49) (1.32 0.99 4.54) (6.34 1.61 7.45) (5.25 5.06 9.46) (9.96 1.46 3.74) (1.51 5.68 9.06) (1.62 2.25 1.98) (6.49 6 1.85) (4.18 0.46 3.32) (9.7 8.98 4.26) (9.66 6.02 8.29) (6.6 1.21 3.61) (0.74 9.97 7.06) (5.83 2.21 6.47) (6.7 3.75 0.49) (2.79 4.83 8.46) (1.46 1.7 4) (2.26 9.04 4.91) (9.11 0.74 0.43) (2.34 5.19 6.94) (9.24 5.84 7.56) (0.79 6.75 8.87) (8.96 7.76 5.86) (7.08 3.05 8.16) (0.5 4.51 8.44) (3.14 1.28 5.77) (5.43 9.55 2.73) (8.49 5.54 7.59) (9.65 8.48 4.94) (2.02 6.42 7.82) (0.29 7.52 9.22) (6.43 9.69 3.24)
double 60 (9.2 4.39 4.5) (8.68 6.29 1.43) (9.73 8.7 6.32) (4.03 1.35 3.44) (1.83 8.72 6.56) (9.28 6.55 9.38) (3.82 6.46 9.4) (4.19 7.4 2.18) (0.34 9.12 9.93) (4.48 4.63 1.25) (6.88 6.1 0.17) (3.5 9.21 4.32) (8.97 1.08 9.91) (5.84 9.38 1.03) (1.23 5.78 7.87) (0.5 4.45 1.43) (9.04 5.53 0.25) (8.74 7.98 5.28) (3.9 7.58 5.6) (7.87 4.48 6.47) (2.15 2.84 6.18) (9.79 9.06 2.99) (6.29 4.57 9.08) (2.89 0.5 2.18) (3.18 4.95 9.28) (1.1 7.85 9.39) (3.7 2.12 5.29) (5.89 9.37 6.77) (7.27 2.11 4.24) (8.08 5.07 4.79) (9.25 7.04 7.49) (2.97 3.98 7.64) (4.55 5.43 0.47) (5.55 3.03 6.5) (3.82 6.21 8.22) (8.58 1.03 3.86) (0.03 4.39 4.74) (3.63 8.98 5.86) (1.47 6.54 5.53) (2.6 6.97 3.98) (6.48 4.16 6.28) (4.89 5.21 1.57) (1.77 0.25 6.07) (6.07 4.59 8.29) (4.7 2.55 9.23) (9.48 8.64 3.41) (1.97 7.41 4.03) (8.14 0.29 5.85) (7.87 0.8 3.12) (5.37 2.66 1.64) (0.04 3.14 7.49) (7.01 8.96 3.67) (3.27 5.86 2.68) (3.3 7.35 3.29) (7.19 3.15 8.18) (1.02 1.11 6.31) (2.7 4.81 2.49) (1.17 0.4 2.72) (9.88 1.04 9.18) (2.06 7.04 0.62)
double 61 (8.5 6.14 3.23) (5.94 0.97 8.97) (9.81 6.09 0.88) (6.23 4.51 0.36) (8.22 1.83 5) (9.71 4.72 9.4) (3.71 2.98 8.16) (5.91 3.22 7.75) (8.15 8.24 4.94) (2.41 6.13 1.83) (5.31 7.23 5.22) (1.45 4.28 4.02) (8.73 1.94 8.98) (2.34 7.32 6.26) (0.94 6.21 8.56) (3.32 5.4 5.09) (3.63 1.6 2.14) (5.57 2.72 4.75) (9.33 8.24 2.18) (9.83 9.95 1.47) (5.61 8.51 3.35) (4.19 4.52 6.47) (6.25 2.81 3.78) (1.91 4.61 3.83) (0.42 4.52 1.57) (8.26 3.43 3.11) (8.63 0.63 0.87) (5.95 6.59 8.73) (2.14 0.55 3.3) (4.3 8.4 4.94) (8.99 3.68 1.25) (3.51 8.46 0.63) (3.56 7.37 8.17) (9.38 0.13 4.65) (3.8 1.72 2.84) (6.54 7.78 2.84) (4.12 1.44 0.49) (2.34 4.01 5.98) (9.96 6.3 9.98) (5.18 2.87 1.43) (3.45 2.43 8.09) (7.03 3.9 5.5) (5.48 1.54 5.94) (4.77 9.41 0.82) (9.11 3.64 4.83) (3.53 5.19 5.72) (7.76 2.18 6.71) (8.26 2.81 8.59) (7.74 5.82 8.04) (0.35 2.86 0.38) (0.1 7.81 7.22) (3.88 7.25 9.39) (6.32 4.38 5.99) (5.21 8 9.43) (4.02 1.54 7.02) (7.24 9.1 7.26) (9.91 7.31 2.74) (4.42 6.19 9.04) (9.58 7.75 7.75) (2.23 3.39 6.39) (4.41 5.24 5.64)
bool 62 (1 1 0) (1 0 0) (0 0 0) (0 0 0) (1 0 0) (0 1 0) (1 0 1) (1 1 1) (1 1 1) (1 1 1) (1 0 1) (0 1 1) (0 1 0) (0 0 0) (0 1 1) (0 1 0) (0 1 1) (0 0 1) (1 1 0) (1 1 0) (0 0 1) (0 0 1) (0 0 0) (1 1 1) (1 0 1) (0 0 1) (1 0 1) (0 1 0) (1 0 1) (0 1 1) (1 1 0) (1 0 1) (0 0 0) (1 0 0) (1 0 1) (0 1 0) (1 0 1) (0 0 1) (0 1 1) (0 1 0) (0 0 0) (0 1 0) (1 1 1) (1 1 1) (1 1 0) (1 1 0) (1 0 0) (1 1 0) (0 1 1) (1 0 1) (1 1 0) (0 0 0) (0 0 0) (0 1 1) (0 1 0) (0 0 1) (1 1 1) (1 0 0) (1 0 0) (1 0 0) (0 0 1) (0 0 0)
char 62 (o g r) (l r p) (m a f) (b f q) (l t h) (n b e) (k d n) (t r o) (h q q) (d i e) (k m h) (r g d) (i t e) (n m g) (b e r) (q b t) (s p e) (f i m) (o m c) (i r o) (i t a) (c d l) (o t n) (b f l) (f n q) (p b t) (o c k) (j f i) (b j k) (a m n) (d s d) (o j t) (b c k) (t d m) (s n e) (b n e) (p n d) (f c l) (h c q) (l i p) (q o c) (c h f) (m l f) (l t d) (e k o) (o c g) (t q g) (i f k) (s j k) (d p h) (i r h) (i h b) (t f s) (m s b) (q b k) (d h e) (d c t) (k j g) (s g q) (e b i) (g p n) (p l e)
bool 64 (0 1 1) (1 1 0) (1 0 0) (0 1 1) (0 0 1) (1 1 0) (0 0 0) (1 0 1) (1 0 0) (1 1 0) (1 1 0) (0 1 0) (0 0 1) (1 1 0) (1 1 0) (1 1 1) (0 0 1) (1 1 1) (0 1 0) (0 0 0) (1 0 0) (0 1 0) (1 1 0) (1 0 1) (1 1 0) (0 1 1) (1 1 1) (1 1 0) (0 1 0) (0 1 1) (0 0 1) (1 1 0) (1 0 0) (0 0 1) (0 1 0) (0 1 1) (0 0 1) (1 1 0) (0 1 1) (1 0 0) (0 0 0) (1 1 1) (0 0 0) (1 0 1) (1 0 1) (1 0 1) (1 0 1) (0 1 0) (1 0 1) (0 0 1) (1 0 0) (0 1 0) (1 1 1) (0 0 1) (1 0 1) (1 1 1) (0 1 1) (1 0 0) (0 1 1) (0 1 1) (0 1 0) (1 0 1) (0 1 1) (1 1 0)
char 67 (i r d) (o n c) (p l e) (r q f) (i i b) (k g m) (e q f) (j p a) (d g r) (p j s) (h i f) (e c m) (n r g) (g o p) (r i h) (t m e) (b j f) (r p d) (p n k) (c o m) (o i g) (n t l) (n r n) (p q j) (d r h) (g e o) (p d r) (r r l) (b f f) (g d n) (d n c) (l q k) (r a g) (o b j) (m c k) (b t d) (d j n) (a f n) (p h h) (q k d) (r l p) (p j t) (e c o) (i k i) (o c e) (t n l) (h a l) (t t g) (c n r) (t g b) (r g h) (a m t) (a t p) (l j g) (f n i) (d l l) (j f h) (a b t) (c h o) (p t n) (g h c) (j s i) (k h i) (e a b) (o o n) (e r s) (m o r)
char 68 (n t e) (t n e) (p q q) (i q d) (o c g) (g n h) (a o t) (i f i) (m j q) (k r k) (g k h) (o s h) (j t m) (p i m) (t e a) (o o c) (i m h) (j j e) (n o f) (h j t) (d l o) (f c e) (l b m) (f f i) (p m c) (q o t) (c o t) (o q r) (n b k) (g n b) (a c t) (c l r) (m n r) (m h d) (o i p) (l g p) (q t j) (n h b) (a i c) (t r b) (a b a) (l o r) (l g p) (m t b) (s n q) (h s l) (o e l) (m b h) (b r b) (s t o) (b c r) (g t r) (a t h) (s q c) (n s o) (m q o) (l s h) (c d m) (d l q) (a l o) (q a o) (j g d) (t m p) (s o k) (g f c) (j p h) (d t o) (h g o)
char 68 (o m t) (d l b) (a j g) (o a s) (e q m) (j e c) (o k m) (d n l) (l a b) (m o c) (i o f) (b c i) (d q j) (p l p) (g f t) (g q c) (d a d) (n r s) (q l l) (b r b) (b c e) (a e m) (d d p) (s j n) (d o f) (l l p) (s o b) (b f n) (h b n) (j c t) (f f d) (d r q) (q e d) (i o t) (l s r) (t t k) (i p o) (j o e) (f h q) (o l a) (r k e) (n s g) (r m q) (h t l) (f f f) (p b p) (a j g) (b p k) (o b f) (e r d) (t h q) (f r h) (g q e) (f t q) (r l r) (r a m) (q l f) (j o j) (n m f) (c r t) (b r p) (l f p) (t c d) (c a j) (e n p) (r j f) (r o i) (t t k)
int 69 (92 53 21) (90 89 14) (9 96 84) (56 85 77) (43 22 19) (63 31 25) (97 52 32) (31 93 83) (40 59 99) (50 76 46) (79 3 96) (27 1 2) (72 18 45) (58 76 22) (87 85 34) (89 35 9) (91 55 34) (73 58 36) (45 70 14) (91 35 52) (26 82 42) (48 91 53) (5 42 4) (82 99 11) (18 44 3) (34 10 52) (25 39 97) (49 97 49) (10 35 26) (16 88 77) (98 50 90) (57 8 15) (65 27 74) (63 88 83) (41 82 7) (88 90 66) (45 40 21) (11 11 83) (21 58 1) (83 36 80) (51 20 71) (9 72 16) (68 41 21) (48 50 72) (84 8 68) (82 10 96) (42 71 56) (32 76 56) (79 25 73) (40 1 27) (79 57 68) (30 74 10) (91 25 66) (65 58 16) (3 89 52) (9 18 11) (41 22 90) (28 13 66) (77 24 15) (3 95 60) (55 77 21) (84 98 14) (73 27 28) (21 89 14) (58 10 52) (82 39 45) (5 15 69) (77 27 68) (2 62 49)
double 72 (7.21 3.6 5.71) (3.62 1.13 6.55) (0.76 8.38 7.28) (4.22 5.46 9.34) (9.4 7.23 6.89) (1.68 2.62 1.72) (6.95 3.3 7.47) (3.47 7.28 0.73) (6.21 1.44 9.3) (6.94 0.64 0.48) (2.77 4.88 1) (8.3 8.97 3.71) (2.9 1.15 8.21) (3.28 7.78 8.78) (0.07 0.38 6.62) (3.22 9.31 4.88) (3.25 7.49 3.88) (0.63 3.05 2.68) (2.67 4.3 2.12) (0.33 5.68 7.99) (5.45 6.57 5.23) (7.81 1.67 9.41) (9.64 6.13 4.8) (1.16 8.15 0.39) (5.27 9.54 7.14) (1.72 1.68 7.19) (1.39 7.03 4.48) (8.94 4.88 9.02) (1.47 0.61 1.21) (6.04 2.82 6.15) (2.87 5.28 3.04) (8.15 0.91 7.48) (9.77 7.26 9.42) (7.32 2.14 0.92) (9.93 8.39 2.49) (3.39 0.36 2.11) (2.4 0.16 7.22) (5.96 9.11 6.79) (2.88 4.39 8.3) (5.91 1.77 6.09) (4.22 8.07 6.93) (8.16 8.73 2.14) (8.03 8.29 9.92) (4.79 7.47 6.28) (2.9 4.89 8.62) (1.21 6.98 9.63) (0.13 0.29 4.17) (1.61 4.92 3.05) (0.03 5.88 5) (5.66 8.87 2.81) (5.7 5.14 0.35) (1.48 0.9 2.72) (5.69 5.6 5.11) (9.19 9.17 4.29) (2.69 5.59 1.95) (1.72 7.25 5.03) (1.77 1.55 2.55) (3.24 8.42 9.95) (9.2 7.27 1.82) (9.24 9.34 1.08) (2.74 0.4 7.95) (5.08 5.13 4.92) (5.4 9.31 6.54) (4.14 3.76 1.2) (5.04 8.72 3.05) (5.39 8.44 9.36) (9.91 2.3 7.85) (4.02 5.02 5.53) (1.74 8.46 7.23) (7.49 0.02 6.94) (7.4 0.86 9.97) (3.26 1.27 6.92)
double 72 (2.79 1.84 9.66) (5.6 2.95 4.43) (7.82 7.77 8.78) (4.21 2.65 1.89) (6.77 9.91 6.57) (1.98 5.2 5.24) (3.51 4.16 6) (0.29 2.12 4.72) (4.89 9.91 5.31) (8.97 6.44 8.83) (2.85 6.37 9.77) (3.75 7.35 3.33) (7.5 3.26 1.56) (7.72 0.57 5.33) (8.14 7.31 5.44) (7.24 9.36 3.55) (7.41 6.16 6.9) (8.34 2.16 6.86) (4.49 8.32 0.19) (1.37 4.92 1.51) (2.19 3.74 2.18) (7.07 9.59 2.01) (4.69 5.83 0.74) (4.65 8.33 5.75) (8.89 5.6 6.84) (9.59 2.74 2.04) (6.09 5.87 2.42) (0.73 4.59 1.85) (7.93 1.32 1.29) (7.3 8.02 7.04) (8.7 6.35 0.9) (4.65 9.03 6.91) (1.94 4.81 4.87) (0.36 9.19 1.65) (4.38 3.24 8.6) (1.79 5.37 3.47) (7.71 8.84 9.02) (8.05 1.22 4.21) (3.06 1.07 0.06) (3.21 8.93 1.34) (2.91 7.88 8.47) (4.84 4.16 1.75) (2.36 6.63 7.25) (8.16 7.47 7.63) (7.1 6.61 5.19) (3.74 1.79 0.78) (3.7 7.17 4.6) (9.41 8.21 0.38) (6.43 6.42 1.81) (4.84 4.27 8.75) (1.65 9.84 4.66) (0.62 5.6 4.58) (5.28 9.79 9.47) (4.04 5.53 2.76) (3.48 0.75 2.68) (3.17 2.02 8.48) (8.05 4.82 3.07) (3.54 6.32 3.29) (8.17 5.65 6.08) (5.7 4.13 0.81) (0.1 8.64 5.99) (4.92 7.68 9.59) (1.95 5.66 9.06) (0.76 2.62 9.39) (2 8.57 8.76) (9.45 1.08 1.71) (5.82 7 0.41) (6.27 4.5 3.29) (9.4 5.01 3.02) (1.55 5.64 1.04) (8.64 0.41 1.84) (2.23 4.56 0.65)
int 72 (98 4 32) (22 30 80) (67 87 48) (58 67 4) (33 29 8) (36 19 97) (23 5 7) (41 48 90) (14 44 91) (44 60 18) (81 26 62) (80 79 2) (33 80 80) (83 59 79) (95 54 8) (77 76 91) (14 40 9) (62 21 90) (90 97 18) (33 65 75) (9 3 34) (56 42 6) (50 67 46) (80 8 66) (67 34 21) (35 95 73) (80 38 49) (63 35 62) (15 97 97) (82 70 72) (40 51 87) (91 34 80) (38 54 69) (16 13 24) (88 9 51) (87 58 65) (40 79 49) (70 39 70) (44 13 33) (37 92 36) (90 80 68) (61 61 53) (64 15 59) (72 3 5) (22 88 47) (40 75 87) (35 93 61) (84 57 67) (68 38 47) (55 99 65) (85 34 26) (75 60 18) (52 97 68) (32 67 30) (93 87 21) (10 95 10) (7 87 81) (38 66 76) (39 42 35) (70 94 31) (18 14 38) (84 8 71) (67 79 52) (50 86 21) (36 41 61) (84 60 25) (17 33 98) (23 15 15) (48 30 64) (37 8 6) (12 73 97) (56 35 29)
bool 73 (1 0 1) (1 0 0) (0 1 0) (1 1 1) (0 0 0) (0 0 0) (0 0 0) (0 1 1) (1 0 1) (1 1 0) (1 0 1) (0 0 1) (0 0 1) (1 0 1) (0 1 0) (0 1 1) (0 0 1) (0 0 0) (1 0 0) (1 0 0) (1 1 1) (1 1 1) (1 0 0) (1 1 0) (1 0 0) (0 1 1) (0 0 0) (1 0 1) (0 0 1) (0 1 0) (1 0 0) (0 0 1) (1 0 1) (1 1 0) (0 1 1) (1 0 1) (0 0 1) (1 1 0) (0 1 1) (1 1 1) (1 0 0) (0 0 0) (1 1 1) (0 1 0) (0 0 1) (0 0 0) (1 0 0) (1 1 0) (0 1 1) (1 1 0) (0 1 0) (0 0 1) (1 1 0) (0 1 0) (1 1 1) (0 0 0) (1 1 0) (0 1 0) (1 1 1) (1 1 0) (0 0 1) (1 0 0) (1 1 1) (1 1 0) (1 1 1) (0 1 0) (1 0 1) (1 0 0) (1 1 0) (0 0 0) (1 0 0) (1 1 0) (0 0 1)
double 73 (3.07 4.1 0.51) (8.12 9.29 1.35) (2.51 6.27 5.35) (9.61 1.91 8.93) (3.59 8.23 8.4) (4.11 4.97 2.15) (7.24 8.24 9.37) (7.97 7.15 6.05) (1.24 6.44 8.23) (3.15 8.22 4.91) (4.79 1.04 2.01) (5.04 9.4 5.28) (0.48 3.69 9.2) (4.29 6.79 8.25) (6.28 6.45 9.37) (2.53 3.24 5.12) (7.58 8.18 8.27) (7.82 6.08 1.96) (8.68 2.04 7.55) (3.78 4.02 9.91) (0.16 8.09 0.02) (6.71 5.49 7.98) (4.39 8.5 6.94) (1.21 7.14 1.77) (7.15 5.8 1.42) (9.65 8.5 6.14) (6.7 0.96 2.55) (7.67 8.81 1.21) (4.74 6.28 1.22) (6.4 5.8 6.16) (6.89 8.92 1.13) (1.91 6.54 7.96) (6.99 1.61 3.88) (0.46 7.88 9.8) (4.62 9.7 0.88) (6.74 6.69 2.63) (9.91 4.91 1.33) (6.66 7.82 8.38) (7.77 5.26 4.04) (2.82 5.95 1.03) (5.59 4.72 5.21) (5.17 9.44 7.12) (3.19 8.2 3.44) (8.43 5.02 1.53) (5.74 5.76 8.5) (8.08 5.84 8.71) (3.67 2.44 8.36) (1.45 5.05 6.65) (2.02 1.25 8.96) (0.66 3.1 3.08) (9.11 6.39 4.02) (7.43 3.25 6.56) (9.63 9.4 9.15) (9.94 8.34 4.99) (2.29 3.56 4.66) (4.39 5.66 7.59) (5.91 1.98 9.61) (3.81 5.1 5.75) (0.26 1.37 2.9) (8.85 7.08 0.48) (6.73 7.94 5.13) (3.06 5.66 6.44) (4.1 0.29 6.12) (1.63 6.04 8.6) (7.44 3.64 4.66) (7.69 7.44 0.32) (1.42 1.54 0.54) (2.99 0.69 7.44) (2.93 8.94 8.7) (0.79 5.22 4.44) (9.51 6.47 2.26) (2.84 0.33 7.18) (8.66 4.29 2)
bool 74 (0 1 0) (0 0 1) (0 1 0) (0 0 0) (0 0 0) (1 0 0) (0 0 1) (1 0 0) (0 0 1) (0 1 0) (1 0 0) (0 1 1) (0 0 1) (1 0 0) (1 1 1) (1 0 0) (1 0 1) (1 0 1) (1 1 1) (0 0 0) (0 0 1) (0 0 0) (1 1 1) (1 0 0) (1 1 1) (1 1 0) (0 1 0) (0 0 1) (1 0 0) (0 0 0) (0 0 1) (1 0 0) (1 1 0) (1 0 1) (1 1 0) (0 1 1) (0 1 0) (0 0 1) (1 1 0) (0 1 1) (0 0 0) (0 1 1) (0 0 0) (0 0 0) (0 1 1) (1 1 0) (0 1 1) (0 0 0) (0 1 0) (1 0 0) (1 0 0) (1 1 0) (0 1 1) (0 0 1) (0 0 0) (1 0 1) (1 0 1) (0 0 0) (0 0 0) (1 1 0) (0 0 0) (1 1 0) (1 0 1) (0 0 0) (1 0 1) (1 0 0) (0 1 1) (1 1 1) (0 1 0) (1 1 1) (0 0 1) (1 0 0) (1 0 0) (1 0 0)
int 75 (3 75 23) (15 20 32) (45 47 90) (46 25 46) (47 54 10) (21 24 59) (65 22 38) (27 7 16) (80 67 90) (29 69 41) (33 98 7) (31 69 76) (25 53 11) (73 14 94) (30 28 17) (20 56 36) (66 90 87) (90 90 44) (19 98 41) (27 34 17) (82 84 72) (25 97 88) (87 65 72) (13 3 33) (51 81 74) (66 20 7) (10 64 44) (88 95 28) (73 69 85) (89 95 67) (14 76 79) (65 69 68) (30 1 21) (38 83 93) (41 69 79) (63 90 14) (1 48 70) (33 43 37) (57 7 56) (73 2 54) (94 90 88) (3 67 39) (83 90 24) (90 60 87) (35 22 52) (75 47 59) (82 54 2) (54 27 32) (44 3 55) (47 41 15) (71 50 17) (17 21 50) (76 73 61) (70 89 46) (6 52 49) (44 72 45) (46 38 28) (37 3 57) (34 76 92) (78 88 46) (24 6 77) (40 98 43) (88 19 38) (62 42 92) (19 36 35) (96 10 12) (12 71 69) (39 42 65) (99 32 88) (97 1 6) (83 1 62) (99 30 96) (62 89 97) (26 42 77) (89 14 80)
char 76 (o o h) (p o a) (h l p) (l o d) (f g d) (h b d) (l e n) (q e r) (k s o) (r m h) (h c p) (d f f) (b t m) (c e l) (f s b) (h b j) (e s t) (q c t) (n p j) (q d h) (a d t) (q h k) (c p t) (h b e) (g p b) (r l i) (q i i) (b p n) (s o n) (r m c) (n e n) (k j l) (h j p) (t r k) (h d g) (e e f) (q n n) (p t q) (r t i) (e c b) (r p n) (i k r) (n e p) (i r e) (s k f) (l g d) (c n p) (r d o) (i l k) (j d t) (o h j) (k q j) (b q i) (a b b) (h e e) (f q p) (e t p) (e h q) (m j d) (l b k) (b j t) (t o h) (h b o) (f k b) (k b s) (s c s) (f d f) (f l t) (e q s) (e j h) (d r p) (b i c) (c o h) (t n o) (h a r) (b l l)
double 80 (4.46 3.5 0.3) (1.72 9 9.53) (6.76 1.02 6.32) (2.94 3.24 7.11) (3.3 2.72 1.87) (2.53 0.25 6.39) (2.22 4.39 9.12) (9.21 5.9 0.99) (1.98 0.77 7.52) (7.97 4.28 7.01) (7.21 3.92 8.32) (0.36 3.89 1.13) (5.46 4.5 8.76) (0.47 2.38 4.01) (4.61 3.65 6.86) (7.27 1.83 1.82) (6.36 0.78 2.46) (8.14 4.28 5.98) (8.93 2.67 0.64) (5.49 8.55 2.04) (6.02 0.45 1.59) (2.5 9.82 2.51) (5.29 7.31 8.4) (3.91 3.45 9.56) (2.69 9.1 0.09) (3.95 0.46 4.57) (3.94 4.84 7.34) (1.43 3.71 2.7) (3.72 8.36 5.21) (5.65 2.76 8.33) (4.84 8.55 6.9) (9.14 6.51 2.14) (0.81 4.07 0.37) (6.54 9.13 5.08) (6.6 3.01 2.52) (1.81 6.85 9.52) (4.83 2.25 6.31) (0.29 4.77 2.51) (7.26 5.86 1.59) (5.67 0.88 4.56) (2.57 9.83 3.49) (0.47 5 6.06) (2.08 1.92 6.05) (4.88 3.56 3.38) (7.92 8.65 9.56) (3.98 9.93 8.61) (4 6.71 9.75) (0.54 1.32 0.91) (7.7 0.94 0.63) (0.57 4.35 6.15) (7.84 1.8 5.93) (1.72 1.37 9.17) (0.45 2.58 1.03) (1.97 8.66 8.03) (8.39 6.46 3.3) (7.58 9.56 6.77) (9.48 6.97 8) (5.21 1.13 0.02) (9.56 5.37 7.11) (7.28 6.96 9.36) (7.91 0.27 0.71) (4.75 2.21 6.87) (3.62 3.83 1.34) (4.63 4.06 9.17) (8.66 1.78 6.88) (8.22 4.85 2.36) (5.48 2.03 5.56) (6.59 3.03 5.66) (6.97 4.87 7.13) (5.41 3.8 6.22) (5.59 9.99 4.23) (3.5 4.64 5.35) (0.89 2.32 4.16) (2.99 6.11 5.02) (6.46 5.45 8.9) (4.36 5.81 6.76) (2.62 8.49 6.51) (1.61 8.37 8.65) (1.73 2.9 5.3) (5.26 5.6 2.39)
int 82 (19 26 49) (49 64 38) (33 10 40) (20 96 41) (46 93 72) (2 61 17) (28 44 33) (38 62 28) (2 30 16) (34 82 18) (52 96 42) (63 40 56) (52 7 44) (39 95 54) (60 94 50) (6 96 18) (66 1 27) (98 55 46) (55 77 53) (78 55 34) (69 17 46) (17 52 54) (91 69 79) (51 84 88) (68 88 88) (61 13 21) (7 16 95) (7 82 56) (96 96 28) (23 99 67) (98 43 76) (22 29 37) (86 4 20) (87 32 66) (93 40 18) (82 91 54) (88 35 2) (69 82 38) (4 65 49) (57 81 37) (12 3 27) (90 40 64) (91 95 71) (95 80 32) (97 29 92) (93 57 27) (9 41 38) (26 95 9) (2 34 13) (16 34 8) (50 42 89) (52 83 55) (61 60 90) (38 90 79) (54 44 26) (28 29 55) (95 51 59) (33 96 94) (61 46 26) (91 85 32) (45 6 38) (4 58 43) (91 48 41) (64 86 25) (46 32 40) (85 70 82) (69 35 25) (23 98 25) (69 77 38) (74 89 92) (32 57 23) (29 73 92) (99 96 97) (11 72 35) (65 18 85) (63 89 12) (2 77 21) (64 60 28) (91 14 66) (46 86 98) (96 31 44) (6 46 98)
double 83 (1.87 9.39 5.42) (5.62 0.87 8.32) (7.11 7.23 0.84) (6.78 7.94 6.91) (6.21 5.61 7.68) (4.13 5.84 1.18) (0.17 1.74 1) (6.04 7.2 0.69) (0.05 2.93 2.06) (3.06 0.86 0.25) (4.59 2.41 4.62) (6.83 1.26 7.89) (8.16 1.58 5.98) (8.59 4.19 9.94) (4.07 7.57 9.12) (5.48 2.84 8.78) (2.56 6.74 4.75) (0.31 0.09 0.2) (4.94 5.49 7.03) (5.52 1.02 3.37) (3.86 6.15 2.74) (4.32 8.09 9.24) (9.87 7.06 2.85) (2.21 9.03 8.74) (0.93 2.21 0.63) (0.41 9.91 3.23) (3.45 4.74 2.57) (4.6 6.34 7.36) (4.2 2.75 2.3) (2.12 7.65 4.41) (6.35 6.52 5.27) (8.34 4.61 9.1) (4.07 2.94 1.91) (0.22 1.54 5.05) (5.31 9.92 3.45) (0.29 6.65 7.09) (2.92 0.06 3.2) (8.76 4.88 3.49) (9.8 7.03 3.69) (4.02 0.86 5.33) (6.71 9.71 6.94) (2.69 3.96 7.13) (6.29 8.07 9) (2.81 1.04 2.42) (5.77 4.34 2.51) (8.26 7.9 7.37) (9.32 3.04 5.06) (2.77 7.36 3.22) (2.78 2.62 7.83) (1.06 5.27 0.91) (2.52 6.2 8.7) (2.08 7.23 1.88) (7.96 6.19 8.08) (4.44 1.49 5.29) (2.79 4.64 2.39) (6.95 3.18 9.8) (1.92 5.37 6.2) (1.71 2.33 6.35) (3.41 4.98 8.47) (4.25 8.17 0.85) (5.44 9.23 8.13) (4.53 6.43 8.87) (6.91 6.76 9.69) (6.98 7.94 4.54) (7.76 8.28 5.13) (5.89 0.88 9.77) (9.12 2.69 0.84) (8.05 7.92 9.24) (3.93 6.88 4.59) (3.8 8.93 9.92) (9.05 1.79 3.1) (2.82 4.26 9.11) (2.12 7.75 3.26) (2.9 4.24 2.71) (5.43 1.74 7.65) (6.3 3.97 1.57) (6.76 4.68 5.44) (3.39 2.02 7.56) (1.92 5.7 7.56) (8.87 8.74 7.19) (4.87 3.96 6.25) (8.72 8 1.66) (6.54 8.94 3.86)
char 85 (l p r) (s h c) (m d b) (k t h) (o h j) (i j h) (s e i) (r k i) (g q c) (s h i) (g r p) (q g l) (i k l) (m e t) (r q l) (s e r) (a l b) (g b r) (r f r) (h k m) (g f h) (c o q) (o j d) (k l n) (s a b) (c d d) (m c t) (f k e) (r f g) (c h m) (j s f) (d k n) (l h m) (s k l) (c l o) (c i c) (a f p) (r o a) (a n i) (g o c) (k n p) (a d g) (i o e) (t o g) (i n i) (o q m) (f m s) (j m t) (q f n) (k h m) (c n a) (f l q) (l f l) (m r g) (s c b) (l f l) (m n q) (m c f) (j q h) (f j p) (r c c) (b p q) (l h f) (f c m) (q t k) (f c c) (i i k) (d k d) (m s s) (k j i) (o f h) (a o o) (k n t) (l h b) (p f l) (l l e) (n p c) (a g o) (b c n) (q g c) (h l n) (c s q) (s k s) (l g n) (o r k)
double 85 (9.03 7.07 3.3) (7.15 2.07 7.72) (4.81 6.52 3.07) (5.36 8.01 5.18) (1.97 4.8 8.45) (3.52 6.39 6.28) (2.88 1.78 9.17) (5 7.77 3.26) (9.58 7.18 6.76) (5.32 6.47 8.12) (0.23 4.24 4.97) (5.67 1.93 1.01) (4.71 7.55 7.76) (7.54 4.41 6.82) (3.33 5.93 0.69) (1.24 4.75 2.34) (6.24 3.7 7.23) (5.57 9.4 4.36) (7.29 8.42 6.43) (3.11 5.62 9.71) (1.26 6.7 8.34) (9.47 3.73 3.77) (6.53 0.66 1.23) (0.53 9.46 2.4) (2.79 6.68 7.51) (6.86 0.77 8.99) (1.56 9.13 7.59) (9.78 6.92 8.78) (5.65 6.43 1.95) (9.81 1.31 6.78) (3.35 8.8 6.01) (4.5 8.23 0.22) (6.57 4.81 1.51) (2.86 0.21 7.92) (0.83 2.37 5.59) (2.59 4.65 3.71) (1.51 3.32 5.27) (3.44 9.56 4.68) (2.43 2.94 5.5) (7.32 7.66 5.39) (7.3 5.68 4.89) (3.32 7.67 9.38) (5.36 8.73 6.98) (2.41 9.24 6.57) (0.18 3.78 2.4) (9.41 0.34 2.51) (7.94 0.25 7.95) (5.02 8.72 4.22) (9.03 7.77 0.37) (1 8.88 4.24) (0.76 2.67 5.61) (8.28 2.33 8.15) (7.66 7.74 3.24) (2.04 0.83 1.87) (8.56 8.87 6.22) (0.34 4.29 4.7) (4.79 4.71 1.41) (8.18 5.56 9.8) (3.05 5.02 5.41) (5.6 7.97 6.64) (6.89 5.81 7.51) (0.44 5.38 7.84) (5.1 1.95 5.1) (2.97 1.59 4.18) (8.66 9.55 1.97) (7.97 4.72 5.6) (9.03 2.66 8.47) (3.93 1.11 0.16) (6.18 4.41 5.31) (2.22 5.2 8.2) (4.14 7.71 5.58) (7.78 9.27 0.62) (2.59 0.11 0.61) (3.22 9.11 7.52) (4.2 4.79 4.49) (2 9.47 6.67) (2.72 3.92 9.14) (3.68 9.04 2.99) (6.97 3.13 3.35) (1.04 9.92 7.52) (1.97 6.55 1.8) (0.51 5.67 4.2) (9.06 5.55 0.03) (5.23 5.49 9.61) (0.84 3.19 0.14)
int 85 (87 85 25) (10 16 51) (18 34 82) (31 15 46) (55 97 52) (36 8 38) (99 28 62) (82 36 43) (48 70 42) (57 70 33) (55 76 56) (52 18 34) (44 86 34) (25 35 71) (51 57 26) (61 92 39) (37 8 51) (33 53 16) (53 32 70) (95 92 43) (22 12 66) (81 63 5) (17 20 84) (74 39 95) (45 35 77) (59 5 37) (15 29 44) (84 91 65) (3 83 89) (18 9 13) (21 13 50) (9 89 19) (41 69 47) (58 42 98) (43 19 74) (64 48 69) (82 83 56) (37 8 50) (80 41 91) (11 29 92) (21 1 34) (52 60 8) (99 89 57) (44 49 4) (4 38 29) (20 68 36) (62 97 68) (80 54 27) (88 71 53) (25 14 53) (70 68 15) (47 6 9) (3 16 89) (23 63 44) (23 57 82) (92 54 3) (38 62 76) (70 2 88) (89 72 3) (79 67 15) (18 48 79) (14 46 12) (11 94 54) (7 15 2) (97 51 56) (31 83 82) (10 34 51) (71 33 59) (19 53 75) (40 29 80) (42 46 38) (84 87 84) (39 5 68) (53 41 65) (45 58 96) (77 21 20) (62 10 97) (30 60 11) (13 69 38) (85 28 23) (88 56 34) (50 94 93) (18 60 2) (98 21 60) (60 54 11)
double 87 (5.7 5.39 0.4) (6.78 9.21 2.09) (6.1 1.83 4.57) (1.01 4.95 8.72) (8.19 9.96 5.86) (7.12 1.7 9.39) (6.91 7.42 5.48) (5.06 6.7 8.32) (5.06 5.11 0.61) (2.16 8.24 1.82) (7.78 4.52 2.3) (4.88 2.23 4.97) (9.77 1.87 8.26) (9.66 4.37 6.96) (6.48 7.78 1.11) (6.07 6.31 6.85) (6.97 4.44 3.11) (3.87 3.1 2.15) (8.08 8.19 3.41) (8.79 7.43 7.74) (0.65 6.75 1.27) (9.3 7.13 7.84) (1.92 5.83 3.51) (1.96 8.65 7.71) (8.73 8.47 5.34) (7.25 8.69 6.82) (8.14 3.02 4.65) (1.92 2.57 6.12) (5.98 9.3 4.46) (1.71 3.12 8.67) (0.61 0.38 3.12) (4.34 7.57 3.13) (0.63 8.79 4.88) (7.5 2.73 0.43) (0.14 9.45 7.61) (1.05 0.84 2.67) (2.19 9.99 2.53) (9.63 9.54 1.78) (9.61 0.11 4.22) (0.54 4.46 9.42) (2.51 1.41 8.24) (1.89 7.58 3.59) (1.87 2.69 6.88) (3.05 9.95 3.38) (1.34 3.85 8.68) (3.69 5.15 2.52) (5.31 7.5 3.72) (6.51 1 3.35) (5.02 6.26 4.88) (7.98 4.14 3.57) (1.56 7.55 8.66) (0.56 1.64 0.46) (1.2 0.96 8.47) (5.02 6.66 9.55) (1.56 9.22 7.67) (7.22 6.38 6.89) (0.5 3.98 5.53) (1.84 8.48 2.89) (7.24 4.46 4.42) (5.01 2.31 6.47) (8.2 8.93 0.91) (5.92 5.97 4.85) (2.31 1.74 5.59) (0.25 8.18 0.06) (6.65 3.13 1.09) (6.19 7.37 7.04) (3.76 5.96 2.29) (9.13 6.06 7.75) (1.72 3.96 0.82) (2.64 0.01 0.3) (7.18 5.12 1.89) (3.15 6.13 9.04) (5.32 8.68 6.62) (4.97 5.47 4.87) (1.71 4.71 8.32) (4 0.42 3.9) (9.41 7.5 8.84) (5.22 2.27 4.98) (4.14 0.4 1.47) (9.77 1.97 9.48) (5.98 7.97 1.32) (6.18 0.77 4.9) (7.16 1.28 4.04) (2.25 3.78 4.79) (6.59 2.62 0.71) (9.85 4.37 3.53) (0.34 9.7 0.61)
int 87 (62 43 13) (69 42 87) (21 52 94) (25 18 41) (55 92 90) (70 75 43) (28 41 17) (32 44 60) (11 73 52) (75 92 93) (1 29 2) (81 32 11) (18 14 56) (27 1 24) (42 45 31) (8 2 49) (97 68 62) (34 39 12) (25 95 96) (76 10 67) (94 33 61) (92 66 79) (75 39 10) (89 39 44) (62 42 60) (17 41 31) (27 23 38) (54 23 4) (17 93 21) (9 5 44) (22 49 36) (53 15 58) (47 96 84) (20 76 90) (95 54 27) (61 75 98) (50 23 91) (43 98 81) (55 86 41) (15 87 19) (34 85 54) (77 22 33) (60 16 29) (47 70 79) (72 55 73) (59 64 34) (41 21 68) (32 54 9) (48 96 76) (71 10 48) (64 44 52) (73 79 15) (72 17 70) (48 72 76) (65 33 96) (36 80 98) (32 90 76) (10 18 66) (74 89 62) (53 5 62) (63 40 96) (43 91 18) (30 25 42) (61 85 59) (20 1 84) (93 55 6) (23 90 91) (8 15 24) (60 51 84) (81 88 99) (76 43 42) (22 70 81) (26 87 84) (78 17 18) (17 6 15) (29 92 81) (88 80 17) (51 43 32) (33 39 44) (7 24 87) (82 54 31) (34 97 96) (60 28 9) (95 50 76) (98 52 96) (38 61 25) (91 35 23)
bool 88 (1 1 0) (0 0 1) (1 1 0) (0 0 1) (0 1 0) (1 0 0) (1 0 0) (0 1 0) (0 0 1) (1 0 0) (1 1 0) (1 0 1) (0 1 0) (1 0 0) (1 0 0) (1 0 1) (1 1 1) (0 0 0) (1 0 1) (0 1 0) (0 1 1) (1 1 0) (1 0 1) (1 1 1) (0 0 1) (0 1 0) (1 0 0) (1 1 1) (0 1 1) (1 1 0) (1 0 0) (1 1 1) (1 0 0) (1 0 1) (1 0 0) (0 1 0) (1 0 1) (1 1 0) (1 0 0) (1 0 0) (1 1 1) (0 0 0) (0 0 1) (0 0 0) (1 0 0) (0 1 0) (0 0 0) (1 1 1) (1 0 1) (1 1 1) (1 0 0) (0 0 0) (1 0 0) (1 1 0) (1 1 0) (1 1 1) (1 1 0) (0 1 1) (0 1 1) (0 1 1) (0 0 0) (1 0 0) (1 1 0) (0 0 0) (1 1 0) (1 1 1) (1 1 0) (1 0 1) (0 0 0) (1 1 1) (0 1 0) (1 1 1) (1 0 0) (1 1 0) (1 0 0) (1 0 1) (1 1 1) (0 1 1) (1 1 1) (1 0 1) (1 0 1) (1 1 1) (1 1 1) (0 1 0) (0 0 1) (1 1 0) (1 1 0) (0 1 1)
double 89 (9.41 6.58 8.29) (8.03 7.49 1) (9.12 9.53 1.21) (2.83 0.61 2.98) (6.21 5.22 6.8) (1.16 8.61 1.41) (3.38 8.76 8.28) (4.29 1.31 9.86) (8.61 7.44 9.35) (3.47 0.56 2.87) (7.91 7.26 6.57) (7.73 2.84 1.21) (6.23 4.58 7.67) (7.2 5.16 9.41) (0.82 6.81 2.74) (0.62 2.78 4.63) (3.04 4.12 0.32) (6.13 8.1 2.98) (2.49 9.86 0.09) (0.96 8.29 7.27) (8.59 9.51 6.02) (7.56 1.67 5.11) (2.87 7.14 4.29) (0.76 2.9 6.38) (0.21 8.25 2.08) (3.58 0.71 5.25) (3.68 6.67 3.86) (5.75 2.77 3.22) (3.64 7.9 2.53) (6.43 8.67 6.41) (0.9 7.81 0.54) (0.54 5.11 7.08) (4.35 0.01 2.28) (0.54 0.14 0.21) (1.14 3.91 3.84) (1.61 6.48 7.19) (0.4 7.54 8.37) (9.81 3.01 7.28) (2.01 1.12 5.27) (7.87 1.93 1.27) (2.27 7.05 6.26) (7.46 4.64 6.17) (5.52 4.93 8.54) (0.53 8.75 4.01) (9.84 7.48 3.6) (2.54 0.23 6) (4.77 4.91 2.97) (4.24 3.35 0.46) (9.82 5.74 6.91) (7.42 9.71 2.92) (5.6 1.18 7.87) (2.02 6.35 0.47) (2.08 3.73 1.99) (5.16 6.32 1.81) (3.81 0.78 6.12) (1.3 2.81 9.02) (8.09 0.95 9.24) (7.32 4.44 0.67) (1.09 6.89 0.56) (2.26 8.64 1.14) (4.68 5.82 7.38) (4.56 6.55 9.79) (5 2.79 9.13) (8.56 1.74 8.2) (1.27 7.41 2.54) (1.71 8.69 1.58) (9.68 0.87 0.94) (9.85 7.97 8.41) (0.25 9.55 0.47) (0.46 6.28 0.39) (5.98 0.95 6.26) (8.99 4.78 6.17) (9.46 2.67 2.98) (5.54 6.52 0.21) (6.19 9.94 4.21) (6.48 0.94 4.35) (2.29 2.59 4.52) (2.9 5.84 6.16) (9.03 7.15 8.65) (4.94 8.83 9.78) (4.03 3.54 7.77) (9.14 6.58 6.96) (3 9.99 4.92) (0.51 2.51 8.39) (6.35 9.36 7.1) (2.57 0.37 2.51) (9.54 7.23 8.77) (5.8 7.98 6.9) (4.57 4.64 6.13)
int 89 (22 68 54) (57 91 29) (17 73 49) (3 10 10) (77 3 19) (41 39 62) (19 89 71) (46 61 40) (47 12 71) (53 41 82) (84 5 9) (66 35 82) (36 67 4) (37 95 11) (58 57 23) (88 66 98) (75 66 35) (31 61 51) (78 51 47) (44 71 93) (30 96 59) (33 79 10) (35 46 71) (99 53 63) (5 53 22) (59 68 86) (63 55 55) (18 30 27) (79 75 24) (9 39 7) (60 64 14) (58 84 78) (84 71 19) (28 28 68) (66 83 97) (33 71 85) (64 19 17) (39 33 52) (63 23 79) (68 22 3) (23 64 53) (44 8 69) (58 70 62) (89 96 23) (93 38 44) (86 41 36) (72 58 20) (5 99 8) (44 86 61) (70 18 66) (5 2 14) (4 86 44) (96 65 32) (65 25 89) (61 68 18) (28 81 21) (42 56 54) (73 71 14) (81 18 37) (50 27 92) (56 4 29) (53 4 70) (17 54 8) (59 7 9) (66 82 14) (90 17 33) (45 15 82) (39 63 32) (39 62 2) (68 53 29) (43 82 98) (50 20 27) (42 54 97) (59 54 62) (89 3 84) (86 76 66) (96 2 35) (9 19 77) (36 71 24) (80 9 55) (59 36 54) (20 45 16) (28 50 70) (9 77 90) (58 55 30) (33 65 10) (72 8 82) (28 70 57) (95 71 61)
bool 90 (1 1 1) (0 0 0) (0 1 0) (1 0 1) (0 0 1) (0 1 0) (1 1 1) (0 1 1) (1 0 0) (1 0 0) (0 0 1) (0 0 1) (0 1 0) (1 0 0) (1 0 1) (0 1 1) (0 1 1) (0 1 1) (0 1 0) (1 0 0) (0 0 1) (1 1 0) (0 1 1) (1 1 1) (1 0 1) (1 1 1) (0 1 0) (0 1 1) (0 1 0) (0 1 0) (1 0 0) (0 1 1) (0 0 1) (0 1 1) (0 1 0) (0 1 0) (1 1 0) (1 1 1) (1 1 0) (1 0 1) (1 1 1) (0 1 0) (1 0 1) (1 1 0) (1 0 0) (1 1 0) (0 0 1) (0 1 1) (1 0 1) (0 1 0) (0 0 1) (1 1 0) (1 0 1) (0 1 0) (1 0 1) (1 1 0) (0 1 0) (0 0 0) (1 0 1) (1 0 0) (0 1 0) (0 1 1) (0 0 0) (1 1 0) (0 1 1) (1 1 0) (1 0 1) (1 0 0) (0 1 1) (0 0 0) (1 0 1) (0 1 1) (1 1 0) (0 0 0) (0 1 0) (0 0 0) (0 1 0) (0 0 1) (1 0 1) (0 0 1) (0 0 0) (0 1 1) (1 1 0) (1 1 1) (0 1 0) (0 0 0) (0 0 1) (0 0 1) (1 0 1) (0 0 1)
double 90 (8.27 4.62 1.5) (8.12 1.74 6.22) (8.57 5.69 1.55) (6.62 2.7 2.72) (1.92 5.68 5.45) (4.39 6.95 8.62) (8.79 7.64 8.7) (1.62 4.52 4.8) (3.34 4.72 1.96) (8.88 3.55 5.81) (5.61 1.64 2.65) (5.43 7.26 5.77) (3.41 4.84 8.27) (2.34 9.43 4.62) (6.4 0.44 6.82) (6.2 4.37 2.7) (0.08 9.64 4.38) (5.57 4.86 8.55) (0.75 6.07 3.39) (7.85 4.75 8.37) (2.55 0.27 0.35) (7.33 4.79 4.93) (3.09 0.21 3.28) (6.27 8.93 1.59) (5.8 5.25 8.2) (8.73 3.43 7.94) (3.74 9.68 7.28) (8.43 4.27 5.15) (6.63 5.65 3.27) (0.78 8.05 8.97) (4.89 9.84 5.13) (0.77 9.9 3.04) (5.87 6.07 8.45) (5.02 3.33 2.71) (9.95 8.37 5.84) (9.13 2.78 5.65) (7.97 6.48 3.46) (6.08 6.55 0.94) (2.85 6.21 5.47) (9.68 5.48 4.94) (2.89 1.53 6.63) (0.51 2.37 8.14) (8.64 8.15 1.05) (6.08 8.97 8.47) (6.36 3.21 0.58) (2.64 0.79 6.15) (4.4 8.29 9.26) (6.48 2.7 7.04) (1.41 1.6 5.79) (0.63 4.81 1.56) (2.78 2.83 1.85) (8.47 5.66 5.25) (5.2 2.17 6.82) (9.61 1.23 2.16) (7.31 5.02 1.41) (5.65 4.26 6.1) (7.1 0.18 9.45) (1.78 8.64 1.24) (2.85 3.31 2.05) (8.47 0.09 0.91) (7.31 8.63 9.43) (0.11 6.51 2.73) (8.53 4.15 5.44) (1.12 7.45 9.21) (0.43 8.91 7.2) (9.69 6.23 0.69) (6.46 3.61 3.12) (4.81 2.19 9.54) (0.4 8.23 9.35) (6.79 8.08 6.95) (6.64 4.54 0.56) (3.59 6.13 2.36) (8.68 4.56 6.45) (9.15 0.72 5.59) (9.23 0.31 2.13) (9.53 8.88 7.81) (2.52 2.04 0.5) (9.74 8.24 0.34) (1.71 6.29 6.45) (6.27 2.14 4.24) (1.65 1.3 0.61) (0.54 8.83 8.47) (5.73 2.87 0.7) (6.65 6.34 7) (9.35 2.24 0.79) (3.34 2.87 2.54) (7.81 2.2 1.73) (7.89 8.35 6.67) (4.77 8.68 0.01) (8.04 5.97 8.52)
double 91 (6.77 0.11 9.89) (1.98 1.27 7.84) (4.82 1.15 1.69) (8.54 3.79 8.82) (6.19 1.36 8.16) (5.78 4.34 7.44) (9.67 0.8 5) (1.53 9.52 0.56) (4.46 0.72 4.28) (3.31 1.46 1.38) (6.07 3.61 2.04) (2.03 3.12 9.79) (9.33 2.42 1.14) (3.02 0.02 4.37) (8.67 8.33 6.92) (1.86 2.08 9.72) (4.78 7.91 0.17) (2.14 6.93 5.83) (5.84 5.46 1.96) (7.52 5.74 6.14) (0.03 6.02 9.76) (6.86 0.2 0.02) (7.75 0.81 0.89) (6.43 1.32 5.34) (2.95 1.31 9.12) (2.51 2.57 2.07) (3.27 4.45 0.55) (1.52 7.07 6.87) (0.54 3.58 1.5) (2.12 3.12 6.8) (2.56 6.04 4.14) (5.84 5.32 2.77) (5.21 7.35 4.4) (2.22 2.87 5.91) (4.48 7.85 3.57) (2.4 7.58 0.31) (4.26 0.55 4.23) (0.65 7.78 1.31) (0.45 5.14 8.51) (5.21 2.35 4.92) (2.44 5.45 3.21) (0.49 9.17 5.9) (9.13 5.21 7.57) (8.18 6.96 0.57) (2.3 0.88 0.02) (4.16 3.66 2.84) (4.51 1.75 7.52) (9.66 3.93 0.16) (7.05 4.38 6.7) (2.49 8.56 2.35) (9.94 6.82 1.26) (7.86 2.72 3.69) (0.82 1.58 4.81) (8.03 3.42 9.7) (4.02 3.55 0.65) (2.29 1.91 3.79) (3.53 2.23 4.97) (5.27 5.2 5.95) (8.61 6.08 9.35) (4.56 7.73 6.61) (4.71 1.67 3.27) (3.44 8.88 3.3) (0.55 5.56 9.94) (3.79 5.44 8.57) (5.39 8.89 2.78) (2.82 3.58 3.63) (1.24 6.8 0.72) (5.3 0.5 0.25) (2.61 6.36 9.07) (0.83 4.32 8.4) (8.17 7.21 1.04) (9.71 0.13 2.52) (6.95 3 6.38) (3.53 8.15 5.62) (3.39 2.58 0.28) (8.32 6.44 1.15) (8.62 9.99 8.76) (2.85 0.54 0.74) (9.12 8.22 0.1) (4.89 0.98 4.82) (7.01 6.79 8.05) (4.38 5.59 6.29) (1.34 0.19 2.79) (2.79 7.71 8.62) (9.8 0.11 3.71) (1.13 8.44 8.44) (7.46 5.69 8.35) (9.46 5 8.43) (5.95 6.07 5.25) (1.79 7.83 3.77) (2.73 8.25 7.75)
char 92 (c q o) (c r k) (b r p) (p k h) (h n f) (n d b) (a e m) (e q b) (o a e) (d n n) (f h q) (o e c) (q f a) (s s f) (n p i) (o o b) (c g a) (b r m) (i i h) (a g l) (b l c) (f m n) (s l i) (e j d) (h g i) (p r e) (s o r) (t n t) (q s g) (e b d) (l t t) (o c b) (h o b) (q i a) (i t i) (g l s) (l l h) (n o q) (a r k) (h i j) (g s g) (g m s) (a a l) (j k l) (n m a) (i p i) (p f s) (p s i) (e g b) (t j c) (l b k) (p e c) (b t p) (e g t) (o c s) (f q i) (d c j) (g m o) (j m l) (t i t) (t a r) (q n h) (q t k) (e g e) (h g d) (e t k) (d r b) (e c s) (q m a) (h s j) (a p a) (i n i) (d d d) (i k r) (h q q) (p g e) (n n e) (a j g) (q f e) (t f b) (f q m) (g r j) (s a l) (j s t) (a i c) (t e a) (s p d) (q q q) (c h s) (c q p) (b e k) (s r m)
double 92 (7.08 9.47 9.78) (6.51 1.95 5.44) (7.64 2.91 0.79) (2.89 6.26 6.89) (8.25 5.9 4.59) (6.53 7.16 2.3) (1.5 1.31 4.6) (2.45 1.04 6.58) (0.57 4.91 3.27) (4.76 1.93 7.86) (3.77 1.03 8.62) (4.78 4.05 1.9) (3.99 3.7 2.15) (6.7 5.7 0.28) (5.08 6.99 1.2) (1.56 9.21 0.05) (9.65 7.65 1.34) (5.51 6.61 5.87) (7 8.52 6.75) (8.69 8.03 1.59) (7.87 4.87 6.79) (8.39 1.48 5.83) (4.37 0.71 0.33) (6.6 4.97 7.1) (5.26 0.89 2.33) (1.01 2.85 7.26) (7.65 7.28 3.59) (7.45 3.77 5.76) (4.75 6.55 3.17) (7.14 5.45 2.23) (4.08 8.82 5.12) (8.21 4.03 9.52) (9.56 8.14 5.89) (2.5 0.82 4.23) (6.21 6.1 3.92) (3.49 1.5 3.71) (0.81 9.18 6.62) (3.24 1.61 5.93) (8.04 4.59 5.22) (8.98 1.16 6.08) (5.02 8.5 7.17) (5.45 6.57 1.67) (0.26 9.14 2.43) (3.96 0.28 5.18) (1.66 6.56 4.64) (5.15 8.71 0.88) (3.88 4.91 2.51) (0.45 2.53 2.49) (5.22 7.1 0.51) (9.99 4.79 5.95) (5.53 3.58 3.68) (5.42 2.2 6.07) (8.82 0.52 0.74) (7.7 1.14 4.83) (0.39 2.89 4.03) (2.82 7.92 0.22) (9.47 7.39 0.18) (7.2 5.76 7.66) (6.57 0.41 9.41) (7.93 1.61 1.29) (8.57 5.76 9.94) (9.51 7.15 0.04) (4.7 3.17 5.07) (3.37 8.96 2.35) (3.94 4.01 2.79) (9.72 5.47 6.76) (5.1 1.23 1.78) (7.14 5.84 1.98) (3.66 3.47 7.83) (8.92 0.61 5.33) (9.59 6.42 7.76) (4.4 2.25 5.08) (9.27 4.01 6.52) (0.57 5.41 8.26) (5.51 3.25 5.26) (1.25 2.65 9.56) (4.51 2.07 7.51) (1.49 8.05 4.5) (4.32 5.57 4.96) (2.23 4.72 0.71) (3.91 5.13 0.42) (8.87 8.72 7.36) (6.87 7.95 8.93) (4.03 9.32 0.48) (7.34 4.96 3.66) (8.01 8.97 7.55) (3.33 5.01 6.62) (9.19 2.6 0.29) (6.81 4.49 3.3) (1.3 0.67 8.93) (4.11 8.85 2.76) (7.97 5.37 3.62)
bool 93 (1 1 1) (0 0 0) (1 0 1) (0 0 1) (1 1 1) (0 0 0) (1 1 0) (0 1 0) (1 1 0) (0 0 0) (1 1 1) (1 1 1) (0 1 1) (1 0 1) (1 1 1) (1 0 0) (1 0 0) (0 0 0) (1 1 1) (0 1 1) (0 0 0) (1 0 1) (1 0 0) (1 1 1) (1 1 1) (0 1 1) (0 1 1) (0 1 1) (1 0 0) (0 1 0) (0 0 0) (1 0 1) (1 0 1) (0 0 0) (1 1 0) (0 0 1) (1 0 0) (1 0 0) (0 1 0) (1 1 1) (1 1 0) (1 1 0) (1 0 0) (1 0 0) (0 1 1) (1 1 0) (0 1 0) (0 0 0) (0 0 1) (0 0 1) (0 0 0) (1 0 0) (0 1 1) (0 1 0) (0 1 0) (0 1 1) (1 1 1) (0 0 1) (0 1 1) (0 1 1) (1 0 1) (1 0 1) (0 1 0) (1 1 1) (1 0 0) (1 0 1) (0 0 1) (0 0 1) (0 0 0) (0 1 0) (1 1 1) (1 0 0) (0 1 1) (1 1 0) (0 0 0) (1 1 1) (0 0 0) (0 0 0) (1 1 0) (0 1 0) (1 1 0) (0 0 1) (1 0 0) (0 0 0) (1 1 0) (0 1 1) (0 0 1) (1 1 0) (1 1 1) (0 1 1) (0 0 1) (0 1 1) (0 1 1)
bool 93 (1 0 0) (0 1 0) (1 1 0) (0 1 0) (0 0 0) (0 0 0) (0 1 1) (1 0 0) (1 0 1) (0 0 1) (0 1 0) (1 1 1) (0 1 0) (0 0 1) (0 1 0) (1 0 0) (0 1 0) (1 1 1) (0 1 1) (1 0 1) (0 0 0) (0 0 1) (1 1 1) (1 1 1) (0 0 1) (1 0 1) (0 0 0) (1 0 1) (1 1 0) (0 0 1) (1 0 1) (1 1 1) (1 1 0) (0 0 0) (1 0 1) (0 1 1) (1 1 0) (1 1 0) (0 0 0) (1 0 0) (1 0 0) (1 0 1) (0 1 0) (0 0 1) (0 1 1) (0 0 0) (1 1 1) (0 1 1) (0 0 0) (1 1 0) (1 1 0) (0 1 0) (0 0 1) (1 0 1) (0 1 0) (0 1 0) (0 1 0) (0 1 0) (0 0 0) (1 0 1) (0 0 0) (0 0 0) (1 0 1) (0 1 0) (1 0 0) (1 1 0) (1 0 1) (1 0 0) (0 0 0) (1 0 1) (0 1 1) (0 1 0) (1 0 1) (0 0 1) (1 1 0) (0 0 0) (1 1 0) (0 1 1) (0 1 0) (1 0 1) (1 1 0) (0 1 0) (1 0 1) (1 1 0) (0 1 1) (1 1 1) (1 0 1) (1 0 1) (1 1 1) (1 0 1) (0 0 1) (1 1 0) (1 0 0)
double 94 (3.06 0.5 9.24) (6.83 0.67 6.54) (1.02 8.51 9.61) (1.44 9.2 0.77) (2.01 3.75 9.09) (9.36 4.78 4.33) (4.02 3.02 5.46) (7.37 3.35 9.49) (8.71 0.48 5.46) (9.42 7.63 2.28) (4.26 1.91 4.69) (6.61 5.26 3.7) (9.62 5.67 3.85) (3.64 2.84 1.92) (9.34 8.09 7.72) (0.51 3.93 8.8) (1.45 3.69 5.69) (6.95 7.98 4.52) (4.84 5.25 1.39) (9.74 6.48 9.98) (7.55 6.71 9.92) (5.35 1.74 8.3) (0.42 8.84 0.26) (5.31 2.2 2.92) (9.59 5.01 2.6) (0.42 7.19 4.78) (9.58 6.56 1.92) (1.23 7 1.29) (9.34 9 0.17) (0.17 8.49 0.61) (9.18 2.88 6.78) (6.77 7.13 1.39) (2.64 6.55 8.09) (1.76 5.16 7.36) (5 6.08 3.48) (4.78 4.82 7.63) (1 1.76 0.55) (4.41 1.71 2.81) (3.95 3.84 1.25) (9.76 5.3 4.97) (5.42 4.56 9.4) (3.48 7.03 1.79) (7.04 8.44 6.04) (8.35 7.07 3.89) (8.35 7.57 0.99) (4.75 8.42 3.84) (9.74 3.38 7.76) (9.94 1.75 0.5) (3.46 9.82 2.35) (6.13 9.55 2.59) (3.9 2.14 4.73) (8.63 6.37 5.25) (5.7 6.73 8.96) (2.91 2.6 1.63) (2.71 0.37 4) (3.87 1.35 3.19) (3.1 5.07 9.93) (5.2 6.01 2.09) (6.15 9.41 5.94) (5.69 8.43 6.52) (6.08 6.13 9.86) (5.4 4.14 9.28) (6.79 9.7 4.89) (7.9 2.57 4.67) (5.86 0.93 1.72) (1.72 4.9 4.25) (5.62 0.71 0.73) (5.33 8.07 4.97) (9.68 2.32 5.58) (0.49 0.31 0.02) (3.26 0.42 2.07) (9.47 3.56 2.97) (0.07 0.82 5.83) (3.67 5.5 7.68) (0.41 6.71 7.32) (7.23 4.81 1.58) (0.11 7.34 9) (0.9 9.44 7.16) (0.33 7.93 9.32) (7.61 4.19 3.29) (7.35 4.23 8.99) (6.87 2.07 7.39) (9.51 5.96 4.07) (0.27 0.48 2.61) (0.09 1.41 6.61) (9.36 8.56 5.32) (5.3 5.76 5.76) (5.04 4.8 1.25) (6 4.78 6.05) (5.5 9.22 2.22) (0.77 2.18 2.83) (4.48 5.66 6.82) (0.92 5.33 5.73) (6.64 4.57 8.67)
double 94 (9.31 7.13 2.81) (0.87 0.28 2.67) (3 3.13 9.78) (1.43 1.66 6.15) (2.55 4.45 3.55) (3.97 8.58 5.12) (8.65 5.41 9.65) (2.2 1.4 3.74) (6.42 8.32 5.4) (7.49 7.4 7.71) (9.74 6.87 8.69) (6.59 4.52 3.39) (1.05 5.33 7.33) (3.7 6.31 8.76) (2.19 7.81 3.31) (4.57 1.24 1) (4.65 4.25 5.99) (2.41 2.78 6.23) (8.89 0.21 1.89) (1.9 8.21 0.99) (3.84 4.74 2.95) (1.44 2.41 1.14) (5.77 4.41 3.56) (2.89 6.74 0.27) (2.23 4.85 6.21) (7.12 5.26 5.87) (1.98 1.33 0.89) (1.89 3.45 1.22) (5.88 6.29 2.3) (7.19 5.09 2.22) (3.78 5.22 9.33) (7.35 8.04 1.76) (5.47 8.78 6.49) (8.04 2.78 1.81) (7.17 9.85 4.05) (7.4 1.13 8.68) (4.79 0.59 0.75) (9.45 6.58 9.76) (7.12 7.09 5.91) (1.32 2.7 3.37) (9.97 6.22 4.61) (9.4 7.55 5.72) (1.53 5.3 2.46) (9.28 1.06 6.58) (5.32 4.55 3.48) (2.37 2.67 3.83) (2.47 8.95 9.22) (7.96 3.54 3.37) (7.64 7.4 4.96) (8.59 0.5 1.29) (3 4.34 7.45) (4.22 5.65 8.47) (4.93 2.16 0.59) (2.94 6.21 7.39) (0.08 4.16 9.31) (9.78 8.91 5.54) (0.44 9.53 4.99) (5.62 6.44 3.12) (2.57 1.85 6.81) (1.79 9.05 1.37) (6.3 6.6 2.57) (5.04 3.1 8.49) (2.86 5.94 7.71) (6.55 5.18 0.59) (0.71 8.34 1.71) (7.49 8.68 4.56) (0.46 9.64 3.99) (0.13 2.29 1.14) (0.48 7.5 3.68) (4.34 6.45 7.8) (2.2 2.06 4.53) (1.72 0.69 1.17) (9.92 6.92 6.63) (1.58 3.59 5.69) (0.77 9.28 9.32) (8.7 3.28 1.37) (8.66 0.87 1.71) (1.42 0.49 5.41) (7.49 9.32 1.91) (4.87 9.31 2.42) (3.18 1.31 0.67) (6.58 0.61 4.89) (2.98 3.47 4.62) (4.85 1.29 0.03) (7.66 4.23 8.6) (8.56 8.49 2.99) (9.17 6.44 4.61) (5.8 2.41 1.64) (8.59 8.28 8.43) (2.64 3.53 7.18) (9.1 2.82 7.51) (0.34 6.4 7.01) (3.04 4.53 1.54) (4.8 5.9 5.3)
int 96 (60 12 72) (30 99 13) (32 2 14) (19 58 62) (93 45 5) (91 98 43) (28 47 3) (8 77 93) (25 16 42) (27 79 7) (63 32 66) (92 71 89) (18 42 3) (25 55 58) (3 55 51) (13 34 14) (17 62 49) (43 61 50) (65 32 90) (74 56 81) (65 44 19) (75 47 71) (61 13 11) (86 68 8) (48 34 1) (1 69 28) (58 15 3) (62 62 95) (16 49 43) (55 29 67) (26 90 22) (97 80 58) (17 15 44) (37 12 9) (63 28 31) (66 26 17) (64 37 19) (4 71 46) (81 91 2) (9 28 48) (25 30 75) (94 96 23) (2 54 71) (81 51 55) (36 6 60) (42 23 22) (49 81 39) (68 2 6) (52 68 75) (11 54 5) (5 14 26) (67 79 44) (43 9 16) (70 48 32) (54 6 91) (84 15 48) (49 11 98) (46 33 60) (53 93 66) (41 10 23) (33 96 66) (95 27 52) (24 65 64) (11 65 3) (32 68 38) (50 58 96) (64 23 23) (70 90 90) (65 98 63) (52 59 52) (18 41 74) (42 53 99) (3 63 40) (74 41 48) (29 75 32) (5 14 15) (30 58 23) (34 34 15) (73 21 82) (20 48 57) (69 75 23) (62 26 93) (52 36 78) (67 15 58) (43 39 53) (65 52 92) (48 89 92) (37 62 51) (32 18 64) (79 60 43) (5 65 91) (59 64 29) (96 62 90) (35 89 83) (39 71 81) (4 55 5)
bool 98 (1 0 0) (1 1 0) (1 1 1) (1 1 0) (0 0 0) (0 0 1) (0 0 0) (1 1 0) (0 0 1) (1 1 0) (0 0 1) (1 1 1) (1 1 1) (1 1 1) (0 0 0) (1 1 0) (0 1 0) (1 0 1) (1 1 1) (1 1 0) (0 1 0) (0 0 0) (1 1 1) (1 0 1) (0 0 1) (1 0 1) (1 1 1) (0 1 0) (1 1 0) (0 1 1) (0 0 1) (1 0 1) (1 0 1) (1 0 0) (1 0 1) (0 0 1) (0 0 1) (1 1 1) (1 0 1) (0 0 0) (1 1 0) (0 0 0) (1 1 0) (1 1 0) (1 1 0) (1 1 1) (0 0 1) (1 0 0) (0 1 0) (0 0 0) (1 1 0) (0 0 1) (1 1 0) (1 0 1) (0 0 1) (1 0 1) (0 1 1) (0 1 0) (0 0 0) (0 0 0) (0 1 1) (1 1 1) (0 0 0) (0 0 0) (0 0 1) (0 1 0) (1 1 1) (1 1 1) (0 0 0) (0 1 1) (1 0 0) (0 0 0) (1 0 0) (0 0 0) (0 1 0) (0 1 0) (1 0 1) (1 1 1) (0 0 1) (1 1 0) (0 0 0) (0 1 1) (1 0 1) (0 1 1) (0 1 1) (1 1 0) (1 0 1) (0 0 0) (0 0 1) (1 1 1) (0 1 0) (0 1 0) (0 0 0) (0 1 0) (1 1 0) (1 0 1) (1 0 1) (1 0 0)
char 100 (e l e) (f q s) (g h r) (j q q) (s a c) (g l i) (c m r) (f b o) (m i j) (r h k) (o m j) (j f i) (o b k) (b o o) (f f k) (m n n) (a h g) (o m s) (f t g) (a i e) (r b d) (k d d) (c t n) (m c c) (l o d) (n n s) (n d b) (l n c) (n h p) (t c n) (p d m) (l d p) (l q a) (p b q) (b o n) (o q s) (c d m) (q a t) (e t h) (d c o) (k l q) (n t b) (q e g) (g c p) (s j o) (l i n) (n h e) (r o h) (c q d) (n f f) (d j a) (q n r) (q m n) (d c m) (p a m) (c g s) (h e b) (q f h) (k o f) (m k m) (i t b) (h q q) (q n o) (b m c) (e f j) (o p k) (p n p) (o k a) (p g n) (f h g) (b f c) (i t b) (s k j) (h j h) (a f e) (o j l) (k b c) (c c r) (q h t) (q e j) (k s e) (d p h) (b k g) (f o k) (m h s) (c o q) (h m q) (g m i) (a e l) (q d k) (k q o) (n m h) (g b p) (t h h) (r p f) (h g p) (f f k) (j g k) (d c g) (k h g)
char 100 (d g d) (o k n) (r r b) (i i s) (a b j) (l l b) (q b k) (p a o) (d s g) (o b s) (d c l) (a g k) (h e p) (e j t) (k m l) (r g i) (p p s) (d h p) (h k k) (d s n) (t n r) (s r n) (l r p) (k c t) (d p q) (j e e) (e p o) (l e k) (o e o) (k g p) (h e q) (f o a) (g r r) (e s s) (j k g) (m n k) (h q l) (p g a) (m b r) (i m d) (t t n) (i h p) (i d s) (n r i) (h g b) (c h k) (j b d) (e k i) (g s a) (k g p) (f a g) (g k q) (p a h) (q t b) (q o a) (b g k) (i d h) (t o e) (m o r) (o e p) (o f k) (b i a) (m n i) (q b l) (i b n) (j s e) (q a h) (j n t) (l g a) (m q n) (a n n) (m f e) (i d j) (l k i) (k a a) (e q l) (k b a) (q j t) (g k a) (h m g) (n q t) (l j d) (f b p) (s b s) (q o i) (k r t) (q o g) (e m a) (q a s) (s d t) (b l t) (t i s) (o c q) (k e h) (r c s) (t b f) (k s o) (l l l) (m l h) (j c b)
char 101 (q j k) (q k c) (s f o) (s j p) (g f k) (q c a) (n c p) (g g c) (s j c) (b r b) (q e t) (p s p) (c h d) (d f p) (l m m) (b e d) (e c q) (o f m) (n i p) (m f j) (s q k) (k q t) (e m p) (p a q) (d b m) (p j b) (m t f) (f e p) (p t n) (t r n) (f r h) (a i i) (f i p) (k k l) (c j q) (r d p) (o j f) (r h o) (l f h) (a h t) (r r t) (l a c) (q r b) (r c l) (g o h) (l n h) (c a b) (f o r) (m r l) (s k k) (q s j) (q q l) (k i q) (q l f) (s e b) (i p q) (a h a) (e s g) (j f j) (f l h) (j b b) (t m p) (i p i) (t c g) (m t s) (h q d) (q k j) (j g j) (l e t) (d q b) (q s h) (g d s) (j n d) (p m q) (e c e) (e j l) (f l k) (k k s) (t b d) (j k m) (e f h) (c q k) (k a g) (m e t) (f k r) (s b b) (i p r) (a c l) (b r m) (n a i) (n h l) (o k s) (p c h) (p c o) (s d k) (n f b) (i b p) (a s a) (i p s) (m b f) (l f i)
bool 101 (1 0 1) (1 1 1) (1 0 1) (0 0 1) (0 1 0) (1 1 0) (1 0 0) (1 0 1) (0 0 0) (0 1 1) (0 1 1) (0 1 1) (0 0 1) (0 0 1) (0 0 1) (0 1 1) (0 1 0) (0 0 1) (1 1 1) (0 1 0) (0 0 1) (0 0 1) (1 1 0) (0 1 1) (0 1 0) (1 1 1) (0 0 1) (0 1 1) (1 1 1) (0 0 1) (0 0 0) (0 1 1) (1 0 1) (0 1 0) (1 1 1) (1 0 0) (0 1 1) (1 0 0) (1 1 0) (1 1 0) (1 0 1) (0 1 0) (1 1 0) (0 0 0) (1 0 0) (1 0 1) (1 0 0) (0 1 1) (0 1 0) (1 0 0) (0 1 0) (1 1 0) (1 1 0) (0 0 0) (0 1 1) (1 0 1) (1 0 0) (1 0 1) (1 0 1) (0 1 1) (1 0 0) (1 1 1) (1 0 0) (1 0 0) (1 0 0) (0 0 0) (0 1 0) (1 1 1) (1 1 0) (0 1 1) (0 1 1) (0 0 1) (1 0 0) (0 1 0) (1 1 1) (1 1 1) (0 1 0) (1 1 0) (0 0 0) (1 1 0) (1 0 0) (0 1 1) (0 1 1) (1 0 0) (1 1 0) (0 1 1) (0 0 0) (0 0 1) (0 1 1) (0 0 1) (1 0 1) (0 0 1) (0 1 0) (0 0 1) (1 0 1) (0 1 1) (0 1 0) (1 0 0) (0 1 1) (0 1 1) (0 1 1)
double 107 (3.62 1.09 0.66) (7.26 8.77 1.02) (1.99 0.64 8.49) (4.78 7.57 9.39) (2.85 9.93 9.13) (6.14 4.68 3.94) (9.13 6.06 6.02) (6.31 7.69 1.55) (5.81 8.6 0.77) (0.26 8.94 1.97) (0.88 8.41 2.25) (2.07 5.69 1.35) (1.79 5.35 0.23) (1.18 1.1 9.83) (5.2 9.63 1.17) (6.2 2.91 5.95) (7.94 6.82 1.04) (3.54 5.49 5.25) (1.24 2.98 4.62) (8.15 8.04 2.01) (3.13 6.67 3.34) (5.94 2.82 3.92) (6.95 5.68 8.77) (9.91 9.45 4.29) (3.23 7.35 7.91) (5.21 3.18 5.19) (0.96 0.63 3.26) (0.1 0.64 7.8) (2.31 3.06 4.98) (0.15 0.17 2.07) (0.99 0.18 0.33) (3.94 4.27 6.21) (3.11 9.72 5.73) (9.3 7.57 9.87) (9.55 9.69 7.38) (8.72 0.9 7.62) (8.76 4.38 7.64) (8.96 2.65 1.53) (4.47 9.63 2.38) (6.55 6.17 2.68) (6.86 7.86 6.86) (9.71 9.51 0.45) (8.19 1.69 9.84) (7.24 8.85 9.93) (5.23 7.93 8.85) (9.65 8.38 0.11) (7.22 3.73 6.76) (9 4.11 6.19) (2.94 3.25 7.26) (2.39 6.01 6.01) (6.29 7.12 2.65) (2.41 0.43 9.69) (1.7 6.63 9.38) (0.39 0.31 4.92) (2.38 8.18 9.98) (6.06 5.57 0.38) (6.92 6.54 1.27) (0.87 2 5.35) (1.33 7.11 9.45) (8.78 4.84 2.85) (0.36 5.69 5.66) (5.49 7.23 3.79) (1.35 6.98 0.48) (9.56 4.99 9.27) (4.91 2.15 0.72) (6.65 6.45 0.17) (3.39 3.41 3.31) (6.1 3.95 9.36) (2.4 7.3 9.96) (9.67 8.95 4.06) (3.54 8.98 5.3) (1.53 5.66 4.21) (7.16 2.19 0.61) (8.69 4.53 5.08) (2.95 6.91 6.65) (6.61 4.71 4.15) (6.16 2.48 2.28) (9.65 3.73 2.41) (7.35 9.86 3.16) (5.76 4.02 2.2) (9.53 7.16 4.17) (0.96 4.36 2.57) (3.98 6.15 8.03) (4.88 8.81 0.42) (5.62 9.24 6.95) (6.3 1.17 0.18) (2.12 2.96 3.96) (4.17 4.08 0.76) (0.16 9.66 5.11) (6.53 6.14 3.92) (2.28 6.15 2.13) (6.98 5.69 2.08) (5.01 5.28 0.02) (3.08 4.72 3.29) (0.18 9.13 2.1) (0.17 8.86 3.71) (2.41 0.76 1.55) (8.63 7.97 7.01) (3.88 5.9 4.21) (2.54 4.62 0.51) (0.82 2.01 9.37) (2.19 1.22 2.04) (7.23 7.6 2.11) (0.95 8.22 0.83) (8.73 0.29 1.62) (5.06 1.65 7.98) (8.66 8.19 2.38)
bool 107 (1 0 1) (0 0 0) (0 1 0) (1 1 1) (0 0 1) (0 0 1) (0 1 1) (0 0 0) (1 0 0) (1 1 0) (0 0 0) (0 0 1) (0 0 1) (0 0 1) (1 1 0) (0 1 1) (0 1 1) (0 1 0) (0 1 1) (1 0 0) (0 0 0) (0 0 0) (0 1 1) (1 1 0) (1 0 1) (1 1 0) (1 1 1) (0 1 1) (0 1 1) (0 0 1) (1 1 1) (1 1 1) (0 1 0) (0 1 1) (0 0 1) (0 1 0) (1 1 1) (1 0 1) (1 1 1) (0 1 1) (0 0 1) (0 0 0) (1 1 1) (0 0 0) (0 0 0) (0 0 1) (1 1 0) (1 1 1) (0 1 0) (0 1 0) (1 1 1) (1 0 1) (1 0 0) (0 0 0) (1 1 0) (0 1 0) (1 1 1) (1 1 0) (0 0 0) (1 1 0) (0 0 0) (0 1 1) (1 1 0) (1 1 1) (1 1 1) (0 0 0) (0 1 1) (1 0 0) (0 1 1) (0 1 1) (0 0 0) (0 1 1) (1 0 1) (0 0 0) (0 0 0) (1 1 0) (1 0 0) (0 0 1) (0 1 1) (0 0 0) (1 0 0) (0 0 1) (1 1 1) (0 1 0) (0 0 0) (0 1 1) (0 0 1) (1 1 0) (1 1 0) (1 1 1) (0 1 0) (1 1 0) (1 0 1) (1 1 1) (0 1 1) (0 1 1) (1 0 0) (1 0 0) (1 0 0) (1 0 0) (1 1 1) (0 0 1) (0 1 1) (0 1 0) (0 0 1) (0 0 1) (0 0 0)
bool 108 (1 0 1) (0 1 1) (1 1 0) (1 1 1) (0 0 1) (0 0 1) (1 0 0) (1 1 0) (1 1 0) (1 0 0) (0 0 1) (0 1 0) (1 1 0) (0 1 1) (1 1 0) (0 0 0) (0 0 0) (1 0 0) (1 1 0) (0 0 0) (0 1 1) (1 0 0) (0 0 0) (0 1 0) (0 0 1) (0 0 1) (1 0 0) (1 1 1) (1 0 1) (0 1 0) (1 1 1) (1 0 0) (1 0 1) (1 1 1) (0 0 1) (0 0 0) (0 0 0) (1 1 1) (1 1 1) (1 0 0) (0 1 1) (0 1 0) (0 1 0) (0 1 0) (0 1 0) (0 1 0) (1 0 1) (0 1 0) (1 1 0) (1 0 1) (1 0 0) (0 0 1) (0 0 0) (1 0 1) (1 1 0) (0 0 1) (1 0 0) (1 0 0) (1 0 1) (0 1 0) (0 0 1) (1 0 1) (0 1 0) (1 1 0) (1 1 0) (1 0 1) (0 0 0) (0 0 1) (1 1 1) (0 1 0) (1 1 1) (0 0 1) (1 0 1) (1 1 0) (0 0 0) (0 1 1) (1 0 1) (0 1 0) (0 0 1) (1 0 0) (1 1 1) (0 1 1) (0 1 1) (0 1 0) (1 0 1) (0 0 1) (1 1 0) (1 0 1) (1 1 0) (0 1 0) (1 1 1) (1 0 0) (0 1 0) (0 0 1) (0 1 1) (1 0 0) (1 1 1) (1 1 1) (1 1 1) (0 0 0) (0 1 1) (0 0 0) (1 1 1) (1 0 0) (0 0 0) (1 0 1) (0 1 0) (0 1 0)
int 108 (86 38 48) (13 87 45) (10 24 63) (73 1 14) (96 33 62) (92 44 13) (89 41 21) (34 51 16) (22 90 52) (88 73 52) (7 37 30) (95 65 43) (76 45 50) (85 58 87) (16 44 81) (62 10 77) (77 43 87) (55 52 6) (15 60 51) (65 57 39) (63 22 95) (16 36 15) (69 19 13) (38 19 99) (89 33 45) (3 42 77) (28 47 33) (82 39 74) (26 26 89) (13 33 94) (29 23 1) (14 87 52) (34 64 20) (9 52 22) (37 9 21) (11 43 52) (96 36 4) (82 46 33) (6 34 9) (3 43 25) (21 38 21) (31 98 21) (73 27 7) (28 64 46) (38 17 31) (92 72 75) (81 80 43) (44 13 26) (53 74 8) (83 86 78) (70 75 63) (46 63 94) (88 71 76) (54 55 28) (88 1 60) (35 41 76) (2 30 29) (32 28 40) (12 22 29) (53 33 19) (71 7 57) (2 78 11) (88 53 76) (81 8 58) (56 44 1) (93 65 48) (34 14 24) (68 30 91) (95 10 35) (53 41 98) (88 85 62) (62 53 29) (10 71 14) (85 83 68) (21 49 7) (33 70 46) (14 44 25) (48 44 67) (21 68 55) (84 88 91) (90 89 43) (59 86 20) (5 46 16) (26 29 71) (93 6 77) (94 29 88) (63 99 6) (1 80 86) (88 73 96) (92 4 5) (14 6 19) (53 99 51) (15 33 70) (32 52 45) (63 55 81) (58 16 73) (54 21 40) (55 64 37) (73 22 40) (81 50 29) (69 81 98) (54 53 47) (88 37 90) (99 3 95) (62 90 39) (8 34 80) (45 52 48) (35 95 56)
