bool 60 20 1 0 0 0 1 0 0 1 1 1 1 0 0 1 1 0 0 0 1 1
bool 34 67 0 0 1 0 1 1 0 1 0 0 0 0 0 0 1 0 1 1 1 1 1 1 0 0 0 1 0 1 0 1 0 1 1 0 1 0 1 1 0 1 0 1 0 1 0 0 0 1 1 1 1 1 0 1 1 0 0 0 0 1 1 0 1 0 0 0 0
char 95 43 x p t x x e u m z f w y u c p a b q s e f f u n q p k f n n b e c b b c j p d y j l i
double 85 11 8.2 0.6 3.6 8.4 9.0 1.7 8.2 6.6 1.6 8.8 2.5
double 93 39 5.2 0.4 7.9 8.8 7.0 5.4 7.2 7.6 0.1 1.5 8.6 3.1 8.0 7.5 6.0 1.4 3.8 5.7 9.0 3.8 8.1 4.7 4.2 1.8 7.0 3.1 6.1 1.9 8.1 9.0 3.3 7.2 6.3 0.2 0.2 2.8 2.1 9.8 4.7
char 60 74 z j b e p l t t r i a b w u c r j m b v b o z v m x o b a t k h q s q c h l h t b o f u i k w a f k c o w u u n t f h p k d e y h o k q u w q v w t
double 26 75 7.0 5.3 6.8 5.2 7.8 5.6 8.1 9.5 8.6 2.9 3.1 7.8 5.9 5.2 8.9 5.8 3.8 5.4 7.2 0.8 5.6 7.1 4.7 0.3 1.1 7.4 1.9 0.7 0.5 9.9 8.8 6.1 4.5 3.5 9.2 3.2 7.6 6.7 0.3 6.7 9.9 5.4 6.7 1.2 1.4 2.9 9.3 7.7 5.4 1.2 3.1 8.9 2.6 4.7 9.9 8.9 7.4 3.6 1.2 8.7 5.7 0.3 9.1 8.2 2.9 2.7 6.1 5.2 9.6 4.6 8.3 9.7 5.4 3.2 0.2
char 1 77 p e v c o q r g r q w z h i b n o r k h z m l b z f h x u n r k l i b v p s z z n o p f g a x z g f l t l s x b t u m i l o c l t g c o z g t z i u f u z
char 90 78 o c i k q j t x g v e n k s p p w w p l h x t g y b v m a j e y f a x e g s e i j i k c m d u c l a a i o i s s i s i y p p n z d u b p t s a v e s z s i p
double 43 9 1.6 2.9 6.1 3.3 3.0 4.6 3.2 8.3 7.3
double 61 85 9.8 6.7 4.6 0.9 8.0 7.9 8.1 0.7 1.9 3.8 2.5 9.9 7.0 1.4 1.0 5.5 3.2 6.5 1.8 2.0 3.7 6.4 0.9 0.3 4.4 5.0 4.1 0.1 4.4 2.7 4.1 1.0 9.6 2.4 8.3 9.8 4.0 3.1 7.0 5.4 3.5 0.3 4.5 0.9 1.4 3.2 1.7 3.0 1.8 3.2 1.3 9.0 6.1 3.2 3.5 1.7 4.5 2.1 1.8 0.5 3.3 2.1 4.6 7.0 8.8 9.4 0.8 2.7 3.5 7.7 7.5 0.5 5.0 4.2 5.4 1.8 9.0 2.4 7.9 6.5 5.4 7.1 2.2 4.4 6.7
char 66 84 k h z k t n k y t g j p m m g v x j c n j g z u h w q q s l d z c s f o j s w r q c n b q y x a a g i b p v t x d o n p e a s h n r o h u v o g l d x h s p r n g s o q
double 57 91 8.7 8.8 7.7 5.9 5.9 3.0 3.0 7.6 4.0 3.8 9.1 6.0 7.6 6.0 9.4 2.8 3.7 5.3 8.5 3.9 2.7 2.8 9.6 0.4 6.8 9.6 7.5 1.3 8.3 9.1 4.8 4.6 3.3 5.9 2.7 7.3 0.1 0.7 9.5 5.2 3.5 6.0 5.2 7.1 9.5 2.0 7.3 8.8 6.7 7.5 6.3 1.2 7.4 4.9 3.0 2.8 9.5 8.3 3.3 2.7 4.5 0.0 8.5 9.0 7.2 3.8 7.1 9.3 9.6 7.3 6.1 0.8 1.6 0.0 3.9 2.7 9.7 7.2 7.8 8.9 7.2 9.3 5.8 9.9 7.8 6.6 1.0 4.2 9.5 6.7 7.7
double 43 84 5.3 9.4 2.7 8.8 5.4 0.2 6.6 6.8 4.7 7.1 3.7 3.3 1.2 6.2 2.0 0.1 5.5 8.5 8.6 1.7 4.1 6.3 4.8 3.2 6.7 5.3 4.6 1.3 9.4 0.7 7.5 6.6 2.9 8.2 0.8 0.2 9.4 7.1 0.6 9.8 5.5 4.4 4.4 2.4 7.8 0.1 3.1 4.0 0.3 2.5 2.8 5.9 8.9 7.0 4.9 1.2 8.8 6.3 0.0 4.1 1.4 0.5 4.4 1.1 7.5 8.4 0.6 5.8 9.7 9.4 5.9 2.3 1.5 9.6 2.2 5.8 7.3 7.6 9.6 0.6 0.5 9.5 8.7 4.3
int 54 77 99 10 13 8 35 15 62 54 2 34 15 10 63 74 92 84 81 48 40 24 1 81 2 93 96 20 1 55 79 78 14 7 73 99 66 68 85 24 64 87 29 18 11 2 22 42 87 42 97 88 72 38 13 33 48 31 50 96 59 9 29 17 24 6 21 89 25 38 9 69 81 39 7 29 13 54 85
int 87 46 44 66 70 3 55 37 22 87 77 9 63 73 31 72 86 91 58 92 63 62 83 15 48 35 97 25 7 84 44 22 73 94 73 4 59 29 93 47 61 28 59 15 16 15 66 62
double 21 16 0.5 1.4 3.9 8.8 6.5 7.8 9.8 1.8 0.6 8.8 0.4 3.6 6.1 0.0 2.1 2.4
bool 17 81 1 0 0 0 1 0 1 0 1 0 1 0 0 0 1 0 1 0 1 1 1 1 0 1 0 0 0 0 1 0 1 1 0 1 1 1 0 1 1 0 1 1 1 1 1 1 0 1 1 0 0 1 1 1 0 0 1 0 0 1 1 0 1 1 1 1 0 0 0 0 0 0 1 0 1 0 0 1 0 1 1
char 54 82 d s v w y x g h q i l w n c n k i j c a p b y q u x v e j e c i z v v i z t c b d o q j h v e i g v e k k f k z n c n k y v o g u w p i i k t a j d j n t s g i e c
char 67 15 n b u m v k t i z k x n r s d
int 11 56 41 60 24 20 86 81 11 86 12 34 5 70 4 78 44 25 45 65 38 32 2 27 2 61 99 91 13 37 18 3 54 63 99 42 15 36 1 26 54 79 96 40 6 99 36 64 49 55 83 29 17 81 9 20 70 10
bool 20 42 1 1 0 1 1 1 1 0 0 1 1 0 0 0 1 1 0 0 0 0 1 0 1 0 1 0 0 1 1 1 0 1 0 1 0 0 1 0 1 0 0 1
bool 11 4 0 0 0 1
double 73 30 3.6 0.8 9.2 5.0 4.9 8.9 8.0 1.6 0.2 0.4 4.5 1.7 6.0 4.7 6.5 7.2 0.4 3.5 8.3 2.8 3.0 8.2 2.9 5.4 7.6 4.9 8.2 3.3 6.6 6.8
int 70 66 61 97 50 19 12 10 81 30 15 24 58 99 20 40 73 82 77 21 41 2 27 21 34 40 53 7 6 95 32 61 67 80 46 51 85 52 41 63 4 27 6 95 43 55 65 60 26 70 19 16 42 57 69 31 99 73 78 49 30 34 64 95 72 46 3 98
bool 41 33 1 0 1 1 0 1 0 0 1 1 1 0 1 0 0 0 0 0 1 0 1 0 1 1 0 0 0 0 0 0 0 1 1
double 58 13 4.0 8.2 4.2 6.6 9.5 2.3 7.3 3.8 4.9 6.9 7.9 4.9 2.8
bool 27 39 0 0 0 0 1 0 0 0 1 1 1 1 0 1 0 1 0 0 1 0 0 1 1 1 1 1 0 0 1 1 1 1 0 1 1 1 0 0 0
double 34 72 3.9 7.5 8.7 0.1 9.4 1.3 8.3 3.4 4.8 2.8 2.6 0.9 0.1 5.5 6.1 2.3 7.8 1.3 2.5 3.8 4.2 6.0 8.3 6.5 0.4 4.1 3.4 1.5 9.5 3.5 4.2 7.5 2.7 1.7 4.9 6.3 4.0 1.4 9.5 2.7 2.4 7.1 8.2 4.9 6.2 6.4 4.3 1.1 1.2 8.6 2.8 1.6 9.6 1.2 9.0 3.1 2.7 1.2 3.0 6.8 5.3 4.8 9.9 0.0 4.1 5.4 7.0 5.1 5.2 6.8 2.6 9.6
char 15 12 y y t k l p h n p h b w
int 43 92 16 48 21 23 20 95 65 52 76 16 20 16 36 95 39 74 22 17 16 2 12 11 92 17 81 69 31 38 86 96 78 88 95 98 68 29 6 2 28 95 95 10 5 41 4 43 38 0 19 36 28 3 54 95 97 91 79 61 3 7 28 79 37 63 8 28 66 10 75 93 70 78 46 59 68 55 14 83 78 77 83 16 78 26 96 68 3 29 2 16 19 4
char 57 15 j a b n l k d i k a y v r k a
int 47 22 52 60 23 30 91 23 7 44 24 29 27 95 15 52 32 28 19 17 52 91 0 35
int 72 25 61 92 69 74 13 44 51 3 39 56 39 61 28 10 35 19 53 13 98 3 41 99 11 77 24
double 20 68 8.5 9.5 4.5 7.0 8.8 3.5 2.9 1.5 0.1 1.5 1.5 2.2 5.9 4.7 4.7 7.4 8.4 5.1 1.7 8.8 6.3 2.6 4.3 4.8 9.7 5.2 4.0 0.5 2.5 5.7 4.9 1.1 2.3 1.0 0.7 7.6 7.1 3.1 8.9 7.6 4.5 0.6 9.5 9.8 4.0 0.8 4.7 5.0 2.3 6.5 2.4 1.6 1.6 6.9 5.6 5.3 5.9 6.0 9.0 2.1 5.3 2.1 4.3 8.0 1.0 1.8 2.0 8.9
bool 3 87 0 0 1 0 0 1 0 0 0 1 0 0 0 1 1 0 0 1 0 1 1 1 1 1 0 0 1 0 1 0 0 1 0 1 1 1 1 1 1 0 0 0 1 0 1 0 0 1 0 1 1 0 1 0 1 1 0 0 1 1 1 1 1 0 1 0 0 1 1 1 0 1 0 1 0 1 0 0 0 1 1 0 0 1 0 0 1
int 44 32 52 82 5 64 12 39 4 69 58 76 48 26 8 35 42 67 54 47 5 84 53 97 41 51 72 44 53 15 18 22 46 20
char 74 42 s t b w d f w t b b a u l f f d b n c u m a j c v p x v p o c b v s u y e g o m j w
bool 14 64 0 1 1 0 1 1 1 1 0 1 0 0 1 1 0 1 0 1 1 0 0 0 1 1 1 1 1 0 1 1 1 1 0 0 0 0 0 0 0 0 1 1 0 0 1 0 0 0 1 1 1 1 1 0 0 0 1 0 0 1 0 0 0 0
bool 74 77 0 0 1 0 1 1 0 1 1 0 0 0 0 0 1 0 0 0 0 1 1 1 0 0 1 1 1 0 0 1 0 1 0 1 1 1 1 1 0 0 1 1 0 1 0 0 0 1 0 0 0 1 1 1 0 1 1 0 1 0 1 1 0 1 0 1 0 0 1 0 0 1 1 1 0 0 1
char 44 17 c j v s p t b k j m c n v a s a j
double 49 43 5.3 3.0 2.5 6.2 4.5 0.3 3.8 0.7 7.2 6.8 3.3 7.1 9.6 7.0 1.3 9.9 1.8 0.9 0.9 8.1 5.6 8.9 2.0 9.0 4.9 2.2 8.5 5.1 7.0 8.8 3.8 0.5 9.5 1.9 1.3 9.4 7.3 3.9 9.2 9.8 6.1 5.6 9.6
char 27 53 x n t o h v f q v g c e v g y e f j k n q f y w m r j u q e g w q j a p u t s j n b z m x y o s j t e q x
char 82 53 h x h g o s b z z f l v c e t x c q t h i q b z n t b k b o b n f l h m e k c j v d p f i t t s f v d e y
double 64 6 6.2 7.1 7.7 3.3 7.3 1.8
double 4 6 8.9 7.3 2.6 9.9 2.3 2.7
int 14 74 90 41 76 8 52 27 98 29 38 0 3 63 55 66 48 14 52 32 39 81 94 6 31 95 32 49 98 88 48 57 69 96 54 66 28 75 86 0 10 94 61 7 63 61 4 13 92 58 64 30 51 32 81 75 36 40 36 58 27 92 6 41 32 9 79 55 35 2 91 78 27 65 48 59
int 83 39 3 24 4 9 7 83 66 8 18 65 51 36 54 35 76 38 81 3 24 32 52 76 41 60 25 10 74 75 50 36 45 21 63 94 81 39 25 33 89
int 60 56 33 86 55 79 67 13 55 89 95 43 12 4 79 32 9 73 18 4 74 41 74 5 48 88 77 43 56 86 46 38 43 20 0 16 82 62 99 20 8 47 93 22 48 33 52 88 51 15 75 8 91 73 14 74 5 87
double 96 75 5.1 8.4 6.8 4.7 0.2 0.6 0.6 8.8 4.8 8.8 9.5 3.9 1.5 0.6 4.6 7.3 6.5 3.8 8.3 5.5 0.2 2.1 4.7 5.8 5.4 4.0 7.6 7.0 8.9 3.4 6.9 9.8 9.5 1.1 4.0 1.1 8.7 8.8 8.1 3.8 1.1 4.2 0.2 3.9 1.7 4.9 7.0 1.2 0.8 7.0 9.4 8.3 1.4 0.2 9.5 8.3 7.7 3.2 4.7 0.8 5.1 4.8 5.8 6.8 3.1 7.3 6.8 0.1 3.2 6.2 1.2 7.2 2.8 8.5 6.1
double 51 94 0.4 0.7 3.2 1.9 9.7 2.2 2.6 5.3 2.8 9.3 9.1 4.3 9.4 9.2 7.1 1.5 4.8 2.9 4.1 6.3 8.1 1.3 2.2 3.3 1.8 1.0 4.4 7.1 4.9 2.8 8.5 7.1 4.2 3.2 3.6 1.0 6.2 9.1 5.7 5.5 8.0 5.9 3.9 2.6 6.8 9.0 8.7 4.6 7.8 9.2 6.7 8.8 5.2 8.3 6.6 4.4 5.9 9.3 9.8 2.5 6.7 6.5 4.6 9.3 8.1 1.7 7.8 7.4 1.7 6.3 9.1 3.9 8.8 6.2 1.1 1.3 0.7 7.6 1.2 9.3 5.7 4.9 5.5 5.8 2.1 0.9 5.7 8.7 0.4 7.7 7.7 6.3 3.4 1.6
double 20 56 9.5 1.2 7.9 2.3 6.9 5.0 1.1 9.0 2.7 0.6 5.5 1.0 7.8 3.6 2.0 8.3 8.1 8.8 9.7 6.4 1.4 2.4 8.7 9.1 2.2 5.9 4.5 2.2 1.0 0.8 5.5 8.0 7.4 8.2 3.3 2.8 7.6 6.5 6.2 5.0 3.6 3.7 4.9 6.4 3.8 3.7 3.3 5.5 1.7 5.5 9.2 1.0 2.7 3.0 7.7 4.1
int 79 20 77 53 7 48 60 43 65 57 73 75 37 14 75 73 8 84 6 92 79 97
double 82 26 0.8 7.8 6.0 4.3 1.9 1.9 4.8 7.3 0.6 0.2 6.6 3.7 9.0 8.3 9.9 2.9 7.4 7.7 2.8 5.3 3.7 9.4 3.2 9.2 7.0 0.0
bool 36 18 1 1 0 1 1 0 0 0 1 1 0 1 0 0 1 0 0 1
char 9 87 i a f d l o o t h l k j u p i i b l z p y u f w a z r u w n j l j c d s b h c k r m h d h c k f l f i l y b u p w s t y n d a k u o o j z r i s a c p r j g o j p w a d l b i
int 37 47 97 94 75 57 98 32 56 94 77 65 24 56 54 55 29 72 18 73 81 80 84 22 98 11 1 0 22 36 87 42 4 84 41 11 25 18 46 53 99 57 71 61 41 62 18 27 99
int 31 67 67 71 78 44 33 95 93 18 47 14 75 45 50 25 66 49 83 53 89 57 79 66 68 90 68 88 84 24 68 65 15 90 68 58 26 94 64 65 3 38 33 90 78 30 51 41 91 46 20 8 18 2 8 65 89 13 99 29 29 81 76 58 3 4 40 71 29
int 2 12 77 37 6 40 12 77 59 6 1 40 75 55
double 9 6 0.1 3.9 3.7 4.2 7.6 9.0
int 45 36 1 19 5 69 6 19 32 51 13 71 32 38 35 55 86 7 36 87 84 15 25 42 58 30 33 91 18 24 71 73 15 27 38 76 21 69
bool 48 95 0 0 0 1 0 1 1 0 0 0 0 1 0 0 1 0 0 1 0 1 0 1 0 0 0 1 1 0 1 1 1 0 0 0 0 0 1 0 1 1 1 0 1 0 0 1 1 0 1 1 1 0 0 0 1 1 1 1 0 1 1 1 0 1 1 0 0 0 0 1 0 1 1 1 0 1 1 0 0 0 0 0 0 0 1 0 1 0 1 1 1 0 0 1 0
bool 74 63 1 1 0 0 1 1 0 1 1 1 0 0 0 0 1 1 1 0 0 0 1 1 1 0 0 0 1 1 0 0 0 1 0 1 1 0 0 1 0 1 0 1 0 0 1 0 0 1 0 1 1 1 1 0 0 0 0 1 1 0 1 0 1
int 41 75 79 22 97 1 74 12 36 76 84 94 33 33 87 44 98 22 61 48 23 89 92 0 22 87 61 42 15 73 54 43 13 97 21 13 19 85 32 48 2 55 67 15 22 96 83 38 75 71 16 95 90 8 52 45 52 38 41 32 62 52 45 39 5 31 94 30 20 4 77 44 68 36 90 56 76
bool 32 7 0 0 0 1 0 0 0
char 81 38 l q x z m c v q f w u y g h f b b u n i q d s f w v i f r q s m r g q c o v
char 50 53 t q t q g n e n l q f x i s d t m q o l m m g j q a v q l n r d f d j x g d z q w m o e n q w j u b t s d
char 6 18 s z p u o o q r p u v e f a e r y n
bool 64 56 1 0 0 0 1 1 1 0 1 0 1 0 0 1 0 0 1 0 0 1 0 1 1 1 1 1 0 0 0 1 0 0 1 1 0 0 1 0 0 1 0 0 0 1 1 1 0 0 1 1 0 1 0 0 1 1
double 90 13 6.1 9.1 7.3 1.9 3.2 8.1 8.9 4.0 6.5 9.7 1.4 3.6 8.0
char 53 46 v n v o v l m e n e s e z c h m y s f q k b x i f f t t q g o j e g d e g m a c u m g v x q
double 29 2 2.5 5.7
bool 19 6 1 1 1 0 1 1
int 95 40 68 21 33 29 64 75 88 39 33 53 2 75 27 48 2 83 20 33 78 76 70 72 44 55 91 15 18 62 75 36 57 76 6 15 33 39 42 60 74 76
char 18 22 f r f e i x x h a t t m l n t u n r r s u r
bool 1 74 0 1 0 0 1 1 0 0 0 0 0 1 1 0 0 1 1 0 1 1 1 0 0 0 0 1 0 1 1 0 1 1 0 1 0 0 1 1 1 0 0 1 1 0 0 1 0 1 0 0 0 0 0 0 0 1 1 1 0 1 0 0 0 0 0 0 1 1 0 0 1 1 0 0
int 28 10 46 5 95 91 9 52 11 47 46 57
int 93 82 59 79 54 41 59 30 38 70 48 74 42 49 42 75 63 97 41 80 68 79 78 75 96 42 70 20 32 7 51 69 72 86 77 79 49 54 37 71 58 21 24 71 93 52 77 82 97 61 4 24 9 5 62 55 59 21 68 11 34 75 37 4 6 83 98 42 42 35 9 28 38 65 66 1 25 80 44 71 12 48 46 68
double 2 25 3.1 0.3 9.2 6.2 4.9 5.1 4.9 9.4 2.5 5.2 6.6 0.5 0.2 5.5 7.0 5.3 8.3 3.1 1.3 3.1 2.4 5.0 5.4 6.0 2.3
char 18 15 u o e t p v j h w m c s q a d
int 22 78 51 88 75 15 0 80 36 12 74 31 17 67 20 75 72 65 6 17 26 96 46 13 96 7 40 69 11 41 43 32 25 9 28 32 73 41 15 19 34 31 37 36 30 3 41 2 55 94 65 45 21 51 35 21 2 60 90 43 85 75 51 37 33 69 81 13 34 38 0 97 94 43 33 45 89 97 41 69
bool 14 68 0 1 1 0 0 1 1 0 0 1 0 0 0 1 1 1 0 1 1 0 1 1 0 0 1 0 1 1 0 1 1 1 1 0 0 1 0 0 1 1 1 0 0 0 1 1 1 0 0 0 1 1 0 0 1 0 0 0 0 0 0 0 1 0 1 1 0 1
double 33 1 6.6
bool 31 40 1 1 0 0 1 0 0 0 1 1 0 0 0 0 0 1 0 1 0 0 0 1 1 0 0 1 0 0 1 1 1 0 0 1 1 0 0 0 1 1
int 84 21 41 67 91 57 91 54 40 24 37 36 84 4 24 2 62 37 74 98 91 59 62
char 80 18 i t z b x n n k m y i s j l d k k w
char 13 17 a p s n h j a e x l n c e r x f g
char 15 5 m u z b m
double 88 4 6.7 8.4 8.5 6.7
double 3 97 6.4 6.2 5.0 4.1 0.3 6.7 6.9 3.3 7.4 8.7 8.3 6.7 3.8 5.3 8.7 5.8 0.5 5.4 5.3 1.2 7.2 2.1 3.6 0.3 0.4 6.3 7.9 6.7 7.0 3.5 2.8 6.6 6.1 2.7 9.7 0.1 2.7 3.1 3.3 0.9 6.8 3.0 6.9 7.2 9.0 4.3 9.1 3.2 6.8 3.0 1.7 6.8 5.4 2.7 9.8 7.9 2.9 0.5 3.8 0.9 1.1 5.1 7.2 7.3 1.6 9.1 8.9 1.1 5.4 2.0 3.4 4.1 7.4 4.6 8.4 1.7 7.2 7.9 3.1 1.3 4.1 7.6 8.9 1.5 0.3 6.4 7.3 3.8 2.5 3.2 3.6 6.1 1.2 0.4 5.4 3.4 1.7
double 40 14 9.6 4.2 0.3 6.2 2.3 8.8 7.2 3.6 7.5 9.3 0.1 3.9 3.5 1.8
char 69 87 k x c n n s b o g i u q c z f j d v x z t r l m t m l y w r d h l w n l z d q o l i c d u h w e n a w z b b m g g i a a d j p r p s o x w h v q g i p t p o r x q w q f k d i
char 65 31 h f u v u x k t u o n n g f p a d q v v d i i t j a o i s g c
double 41 16 8.0 7.9 1.0 6.3 9.6 9.7 0.2 3.3 8.7 1.0 6.8 0.6 2.9 9.1 5.1 4.4
bool 91 87 1 0 1 1 1 0 1 1 1 0 0 0 1 0 0 0 1 1 0 1 0 1 0 1 1 0 0 0 1 1 0 0 1 0 1 1 1 0 1 1 0 0 0 1 0 1 0 0 0 0 0 0 1 0 1 0 0 0 0 0 1 0 0 1 1 0 1 0 0 0 0 1 0 0 0 1 1 1 0 1 0 0 0 0 0 1 1
double 64 72 0.5 0.3 4.8 9.9 0.0 1.7 4.5 8.8 2.4 6.6 3.8 7.5 9.8 3.5 4.9 5.4 7.0 5.9 8.1 3.8 9.1 6.2 5.1 7.2 2.9 3.2 2.5 8.4 0.6 3.1 7.8 7.0 7.2 3.8 8.7 6.2 5.0 9.2 2.6 4.2 8.5 0.8 0.6 3.6 2.8 9.4 5.8 0.2 0.1 3.0 0.1 9.2 9.4 6.3 0.5 2.8 5.1 2.7 6.7 9.0 0.2 3.7 5.9 0.5 8.9 5.5 5.1 8.6 3.9 6.5 0.1 9.0
double 51 4 6.5 6.4 1.2 4.4
double 92 1 0.0
double 39 96 1.3 9.4 8.4 1.6 6.8 6.2 7.3 5.9 3.4 0.9 6.4 1.0 3.6 9.3 8.3 6.3 4.8 6.2 1.8 7.1 6.2 9.7 9.7 0.2 1.5 8.9 3.5 6.2 8.2 5.0 5.8 7.9 8.1 7.3 1.8 2.5 0.5 1.3 1.1 3.2 1.4 5.6 3.5 3.5 9.3 0.1 4.3 0.5 0.6 6.9 3.7 5.7 2.0 3.9 2.6 9.7 3.9 0.5 6.1 1.7 7.8 2.3 3.1 5.5 7.6 4.2 3.6 9.8 4.7 3.3 2.6 2.7 8.3 1.1 5.2 2.7 4.5 8.5 7.4 0.2 1.6 6.9 2.4 2.7 4.8 4.0 9.6 9.7 0.0 0.0 1.2 4.2 2.3 7.7 2.7 1.4
double 67 39 3.5 6.6 6.1 4.5 2.2 5.0 1.7 3.8 8.3 6.8 6.2 4.0 2.3 9.6 2.8 3.2 2.5 4.0 9.7 7.7 9.1 6.6 8.1 2.5 5.7 3.2 5.6 6.4 7.0 3.8 3.2 1.3 0.9 3.0 0.3 5.2 8.2 4.6 9.7
